s,curvature,torsion
0,0.299564124274504,0.10342553840565
0.0556526442787153,0.289668718469798,0.105020818014275
0.111782733485214,0.280205035333602,0.106694153820974
0.16838251545099,0.271158215130266,0.108446324476745
0.2254437479075,0.262513786591722,0.110277638501682
0.282957731840221,0.254257746814945,0.112187875061419
0.340915342848191,0.246376623630968,0.114176216441898
0.399307060640014,0.238857523068636,0.116241172436781
0.458122996790902,0.231688164168749,0.118380497111645
0.517352920880846,0.224856903064386,0.120591098778863
0.576986285127156,0.218352747943182,0.122868944416213
0.637012247619198,0.212165370656072,0.125212602965831
0.697419694245978,0.206285122253187,0.127619670409585
0.758197259396734,0.200703017568487,0.130082943166295
0.819333345548825,0.195410720998634,0.132593876981379
0.8808161418413,0.190400531803186,0.135142495505602
0.942633641715618,0.185665365379901,0.137717313559857
1.00477365969986,0.181198730850722,0.140305281442981
1.06722384740791,0.176994705225735,0.142891757353036
1.1299717088213,0.173047904364452,0.145460515454234
1.19300461491698,0.169353450935521,0.147993797284362
1.25630981770459,0.165906944686239,0.15047552441296
1.31987446381218,0.162704437113868,0.152888502911814
1.38368560780574,0.159742370851162,0.155211447612756
1.44773022516022,0.157017532215036,0.157422293667056
1.51199522484635,0.154527008202282,0.15949854120583
1.57646746157636,0.152268142599745,0.161417659723794
1.64113374775118,0.150238491885381,0.163157543822756
1.70598086515142,0.14843578169233,0.164697007516144
1.77099557641107,0.146857864675377,0.166016300044625
1.83616463631274,0.145502680662109,0.167097622514505
1.90147480295294,0.144368184231908,0.167917205617222
1.96691284911263,0.143452185668001,0.168454877182224
2.03246557432872,0.142752397791676,0.168702727491976
2.09811981718817,0.142266446788346,0.168656679447721
2.1638624675668,0.141991858411111,0.168316628256779
2.22968047882951,0.141926050589504,0.167686451266187
2.29556088002,0.142066332354917,0.166773887122398
2.36149078806732,0.142409908742304,0.165590291393412
2.42745742003596,0.142953891091737,0.164150282986551
2.49344810544576,0.143695311975968,0.162471301691999
2.55945029870834,0.144631026928714,0.160550834236436
2.62545159222625,0.14575735336686,0.158391111851215
2.69143973096708,0.147070392054021,0.156019494364265
2.75740262761887,0.14856616640271,0.153464113940722
2.82332837779938,0.150240652333092,0.150753235706354
2.88920527531063,0.152089806197231,0.147914684729854
2.95502182745059,0.154109589842383,0.144975354045456
3.02076677039222,0.156295992078543,0.141960801766861
3.08642908463935,0.158645045994875,0.138894939419912
3.15199801056723,0.161152841760817,0.13579980864767
3.21746306407956,0.163815354115951,0.132668707800768
3.28281405302198,0.166627870430092,0.129496812377494
3.34804109529928,0.169585475219913,0.126305666582169
3.41313463755235,0.172683221651799,0.123114381867884
3.47808547370902,0.175916125888818,0.119939677513782
3.54288476336046,0.179279156521191,0.116795970763788
3.60752404993639,0.182767219492448,0.113695503726683
3.67199527864891,0.186375138983808,0.11064849562072
3.73629081417102,0.190097634741145,0.107663310563458
3.80040345801058,0.193929296343123,0.104746632802489
3.86432646555892,0.197864417689855,0.101885926310417
3.92805356329008,0.201896529330913,0.0990693918836098
3.99157896684223,0.206018734242916,0.096302582301859
4.05489739898122,0.210223807400743,0.0935897327842615
4.11800410681723,0.214504163961924,0.090933913190002
4.18089487816705,0.218851827444895,0.0883371716702793
4.24356605696871,0.223258398592078,0.0858006683029145
4.30601455765055,0.227715025632304,0.0833247978533298
4.36823787834954,0.232212376676525,0.0809093013800244
4.43023411286863,0.23674061500717,0.0785533667499508
4.49200196127323,0.241289379038619,0.0762536092688008
4.55354073939777,0.245847755215417,0.07400627977846
4.61485038777601,0.250404239560635,0.0718094368177751
4.67593147925719,0.254946726983121,0.0696608865970858
4.73678522478569,0.259462511694631,0.0675582328408657
4.79741347719039,0.263938295232982,0.065498920120455
4.85781873284457,0.268360202877461,0.0634802712773283
4.91800413105791,0.272713809180727,0.0614995194376035
4.9779734510635,0.276984173251194,0.0595538351189337
5.03773110646745,0.281155884304214,0.0576403488467306
5.09728213704308,0.285213377459419,0.0557718324637189
5.15663219800773,0.289141783472976,0.0539600060494652
5.21578754723589,0.292926230132158,0.0522006046964447
5.27475503017492,0.296551662057833,0.0504896208631282
5.33354206220501,0.300002927665605,0.0488232914458977
5.3921566083789,0.303264874473315,0.0471980846954831
5.4506071604994,0.306322451886439,0.0456106869194457
5.50890271151156,0.309160820352108,0.0440579888785987
5.56705272720388,0.311765465534505,0.0425370717757664
5.62506711523432,0.314122315937324,0.0410451927236222
5.68295619152153,0.31621833250481,0.0396011517740419
5.74073064418107,0.318043047661788,0.0382230506072528
5.7984014955531,0.319587276829988,0.0369075204581042
5.8559800627129,0.320842740589954,0.0356515638303567
5.91347791660412,0.321802146370133,0.0344525233465415
5.97090683994473,0.322459261084014,0.0333080536664185
6.02827878407017,0.322808973214523,0.0322160962313213
6.08560582489126,0.32284734302774,0.0311748566604956
6.14290011815466,0.322571639809325,0.0301827846606017
6.20017385420222,0.321980365279135,0.0292385563665684
6.25743921243527,0.32107368578078,0.0283524309508964
6.31470831581243,0.319854691694625,0.0275344898683525
6.37199318601948,0.318328090796138,0.0267835381986818
6.42930569973252,0.316499730865803,0.0260986822793721
6.48665754615171,0.314376533257882,0.0254793181987442
6.54406018597904,0.311966415503862,0.0249251247289967
6.60152481200262,0.309278204460297,0.0244360607317394
6.65906231143317,0.306321541653674,0.0240123670789285
6.71668323012392,0.303106782561547,0.0236545732502707
6.7743977387856,0.299644891608021,0.0233635088127186
6.83221560129458,0.295947719962653,0.0231378746189238
6.89014614526553,0.292029039862027,0.0229761327994958
6.94819823529957,0.287903251901951,0.0228792302138721
7.00638024914043,0.283584879738902,0.0228484472396693
7.06470005673468,0.279088458496945,0.0228854174286
7.1231650021688,0.274428430195807,0.0229921524854637
7.18178188844085,0.269619047192947,0.0231710730130864
7.2405569650067,0.264674284383869,0.0234250456086343
7.29949591802656,0.259607760669309,0.0237574270411678
7.35860386322733,0.254432669970928,0.0241721164210611
7.41788534127601,0.249162064791312,0.02465447912473
7.47734431540512,0.243809825262547,0.0251887224190321
7.53698417109682,0.238389569296551,0.0257777007583653
7.59680771823784,0.232914269537929,0.0264246254030642
7.65681719583093,0.227396225342558,0.0271330974619452
7.71701427911665,0.221847044137405,0.0279071458047284
7.77740008894998,0.216277631395831,0.0287512704802526
7.83797520327785,0.210698188412775,0.0296704923647522
7.89873967056298,0.20511821703219,0.0306704099313068
7.95969302500577,0.199546530478451,0.031757264146901
8.02083430339418,0.193991335949681,0.0329107148443398
8.08216206285782,0.18846046436514,0.0341080819200525
8.14367439849917,0.182961210547839,0.0353527202258536
8.20536896177278,0.177500293332502,0.0366481157364882
8.26724298008591,0.172083882298247,0.0379978834913089
8.32929327752096,0.166717626612414,0.0394057625679641
8.39151629656387,0.161406685404252,0.0408756072434751
8.45390812072763,0.156155759140063,0.0424113732732491
8.51646449796704,0.150969121520879,0.0440170979657239
8.57918086478742,0.145850651472988,0.0456968724436331
8.64205237092145,0.140803759301921,0.0474397167727077
8.70507390362434,0.135831121522065,0.0492327005633869
8.7682401101059,0.13093506217818,0.0510765858473802
8.83154541938178,0.126117690263593,0.0529714472128481
8.89498406433993,0.121380925454011,0.054916485834129
8.95855010400201,0.116726522795367,0.0569097995829351
9.02223744592799,0.112156096210932,0.0589480991649623
9.08603986871739,0.10767114069998,0.0610263579879172
9.14995104456206,0.103273053107073,0.063137380622168
9.21396456181023,0.0989631513381727,0.0652712713461669
9.27807394746175,0.0947424916005952,0.0674437739176263
9.34227268851235,0.0906113119365673,0.0696753448791387
9.40655425040348,0.0865696981956387,0.0719588814547551
9.47091209417081,0.0826178064140609,0.0742842338804743
9.53533969330887,0.0787558774419928,0.0766373672332723
9.59983055038127,0.0749842513290643,0.0789993012648498
9.66437821336559,0.0713033815864102,0.0813447690493564
9.72897629172318,0.0677138494540835,0.0836405195491956
9.79361847218329,0.0642163783134944,0.0858431700792916
9.85829853423226,0.0608118483961406,0.0878964911050227
9.9230103652609,0.0575011078030775,0.0898488362112684
9.98774797439969,0.0542844169030705,0.0917720117416836
10.052505503471,0.0511621580722599,0.0936252244168706
10.1172772365503,0.0481350900160031,0.0953542258859484
10.1820576090923,0.0452043973307149,0.0968872579579802
10.2468412166653,0.0423717509727464,0.0981298428218065
10.3116228233017,0.0396393819810755,0.0989581702288996
10.3763973694668,0.0370101709536491,0.0992108693630829
10.4411599796535,0.0344877555922841,0.0986791027701228
10.5059059696047,0.0320766577237338,0.0970952995169563
10.5706308531378,0.0297822773764335,0.0943881317123326
10.6353303478457,0.0276106827005099,0.0905230248049108
10.7000003784941,0.0255694124522621,0.0852009929783507
10.7646370792723,0.0236678751340673,0.0780853057303768
10.8292367956302,0.0219175205402216,0.0688317242548662
10.8937960857458,0.0203318558699711,0.0571526963331772
10.958311721633,0.0189261517545161,0.0429287379521459
11.0227806898992,0.0177166313624486,0.0263675709250019
11.0872001921646,0.0167189392031519,0.00817653628243596
11.1515676451489,0.0159458274432678,-0.0103411050711331
11.2158806804199,0.0154043325790927,-0.0272053646621078
11.280137143408,0.0150933489496493,-0.0404157430456179
11.3443350910461,0.0150025623719863,-0.0486673170979837
11.4084727886882,0.0151129435893724,-0.0515056269276271
11.472548706718,0.0153989349707996,-0.0493532571827324
11.5365615168775,0.0158315727908092,-0.0432294126255773
11.6005100883268,0.016381520744546,-0.0343652069609019
11.6643934834447,0.0170213164264731,-0.0239017738202321
11.7282109533818,0.0177266367611237,-0.0127387872661877
11.7919619333746,0.018476743012201,-0.00150583978771443
11.8556460378254,0.0192544579903661,0.00931894975095747
11.9192630550749,0.0200460386362614,0.019422960340094
11.982812941743,0.0208405502544519,0.0286923093707771
12.0462958167869,0.0216293062359778,0.037090547785518
12.1097119553705,0.0224054232908684,0.0446262647136284
12.173061782559,0.0231634493308392,0.051331853710414
12.2363458668487,0.0238990613246195,0.0572502577532785
12.2995649135396,0.0246088241451871,0.0624270544934234
12.3627197579608,0.0252899998779189,0.0669059607284181
12.4258113585553,0.0259403976738973,0.0707264515902224
12.4888407898411,0.0265583153827301,0.0739757778782586
12.5518092354356,0.0271426467564669,0.0767291320004516
12.6147179814479,0.0276926613600918,0.0790004261982862
12.6775684099644,0.0282078840171381,0.0807989962048427
12.7403619924577,0.0286880417288908,0.0821298486278947
12.8031002831198,0.0291330211536768,0.0829939350845639
12.8657849121272,0.0295428343682109,0.0833884146797475
12.9284175788461,0.0299175911703384,0.0833068835010495
12.9910000449837,0.0302574765963736,0.0827395595833505
13.0535341276946,0.0305627326390198,0.0816734175281633
13.1160216926591,0.0308336211904043,0.0802244292895333
13.1784646474785,0.0310703579301594,0.0785049295865707
13.2408649359296,0.0312731902149757,0.0764932105241231
13.3032245325467,0.0314424126644251,0.07416626584228
13.365545437203,0.0315783589320692,0.0714995765174853
13.4278296696828,0.0316813948603167,0.0684668846963512
13.49007926425,0.0317519128350027,0.0650399501023263
13.5522962642181,0.0317903272033984,0.0611882830457918
13.6144827165265,0.0317970706572792,0.056878848191507
13.6766406663285,0.0317725915166837,0.0520757328612869
13.7387721516071,0.0317174383830983,0.0469334573383485
13.800879198139,0.0316325310294688,0.0416068257351719
13.8629638153222,0.0315189199426935,0.0360578035738382
13.9250279923786,0.0313776983773059,0.030247893244724
13.9870736946243,0.0312099982440343,0.0241378613118288
14.049102859799,0.0310169866449779,0.0176874921343497
14.1111173944555,0.0307998630274261,0.0108553675144815
14.1731191704145,0.0305598569439058,0.00359867372063501
14.2351100212843,0.0302982264211471,-0.00412696102710449
14.2970917390496,0.0300162569533845,-0.0123675935423879
14.3590660707435,0.0297152941318447,-0.0209530937946346
14.4210347155618,0.0293968481744907,-0.0297009864872123
14.4829993229937,0.0290625026806493,-0.0386386142532914
14.544961491403,0.0287138792296451,-0.0477911200332692
14.6069227667023,0.0283526337406997,-0.0571811509585446
14.6688846411069,0.0279804531440131,-0.0668284694032278
14.7308485519652,0.0275990523184572,-0.0767494637810909
14.7928158806669,0.0272101712534506,-0.0869565521948871
14.8547879516258,0.0268155723932347,-0.0974574731732771
14.9167660313354,0.0264170381218125,-0.108254460027259
14.9787513275066,0.0260163719397889,-0.119195749962556
15.0407449885309,0.0256154060789061,-0.13011032508332
15.1027481036652,0.0252159852096648,-0.140959527290283
15.1647617035378,0.02481995646575,-0.151694298115464
15.2267867607244,0.0244291628134464,-0.162254458704292
15.2888241903828,0.0240454361271663,-0.172568125332552
15.3508748509404,0.0236705899598837,-0.182551329048742
15.4129395448339,0.0233064120267177,-0.192107916428272
15.4750190192962,0.0229546564532235,-0.20112981378351
15.5371139671878,0.0226170358807578,-0.209497738040849
15.5992250278747,0.0222951607781947,-0.217077582276104
15.6613527882703,0.0219903754628613,-0.22373590867533
15.7234977842296,0.0217039127677192,-0.229344070299588
15.7856605020941,0.0214369404893716,-0.23377210739193
15.8478413802627,0.0211905553553339,-0.236891878903609
15.9100408107824,0.0209657781320108,-0.238580561156928
15.9722591409557,0.0207635501835235,-0.238724396943174
16.0344966749641,0.0205847317867431,-0.237222545086868
16.0967536755056,0.0204301024802829,-0.233990855469729
16.1590303654453,0.0203003636790784,-0.228965381339635
16.2213269294776,0.0201960628932787,-0.222271057635592
16.2836435157865,0.0201173674956119,-0.214074461868317
16.3459802376795,0.0200643313005041,-0.204406641604961
16.4083371752103,0.0200369869053079,-0.193318963450189
16.4707143768006,0.0200353558904439,-0.180882239460729
16.5331118608648,0.0200594597065492,-0.167185343962845
16.5955296174369,0.0201093309659325,-0.152333402679578
16.6579676098024,0.0201850248385984,-0.136445651132147
16.7204257761361,0.0202866302487987,-0.119653065743419
16.782904031148,0.0204142805793575,-0.102095868349099
16.8454022677356,0.0205680774855548,-0.0841460514002747
16.9079203585226,0.0207478460342525,-0.0661727920976236
16.970458157094,0.0209534057617984,-0.0483113913618852
17.0330154991132,0.021184657813793,-0.0306879529193025
17.0955922034439,0.0214415830573873,-0.0134183478978269
17.1581880732841,0.0217242389240746,0.0033925219859243
17.2208028973149,0.0220327551587524,0.0196512004808111
17.2834364508674,0.0223673286619403,0.0352759280610192
17.3460884971107,0.0227282176139013,0.0501967008462916
17.4087587882634,0.0231157350682116,0.0643551645078979
17.4714470668264,0.0235301652545894,0.0775500476788389
17.5341530666599,0.0239715244820825,0.089611069910108
17.5968765136228,0.024439781327407,0.100544803560437
17.6596171260515,0.02493492393558,0.110369607246895
17.7223746152599,0.0254569514242199,0.119113977134496
17.7851486860645,0.0260058662386742,0.126814939755962
17.8479390373419,0.0265816674902759,0.133516508052103
17.9107453626156,0.0271843452781546,0.139268219164471
17.9735673506777,0.0278138759676996,0.144123769456563
18.0364046862439,0.0284702183768524,0.14813975928737
18.0992570506368,0.0291532713018366,0.151305506590885
18.1621241223077,0.0298627520304226,0.153623034503832
18.2250055768895,0.0305983119209011,0.155168653933194
18.2879010870824,0.0313595747721249,0.156016803807564
18.3508103225627,0.0321461365737981,0.156239254797659
18.4137329499224,0.0329575658404726,0.155904490741834
18.4766686326388,0.0337934044151508,0.155077251450013
18.5396170310729,0.0346531686389268,0.153818219040223
18.6025778024969,0.0355363507941997,0.152183829352897
18.6655506011499,0.0364424207414399,0.150226190005166
18.7285350783138,0.0373708281005047,0.147943135905685
18.7915308822933,0.0383210038971441,0.145334876496314
18.8545376581093,0.0392923587883864,0.14245028411479
18.9175550470918,0.040284284495038,0.139333637840075
18.9805826864893,0.0412961560621868,0.136024828987129
19.0436202090975,0.0423273341134487,0.132559597968177
19.1066672429038,0.04337716706789,0.128969791913092
19.1697234107475,0.0444449932960782,0.125283634212601
19.232788329991,0.0455301431989432,0.12152599855637
19.2958616122014,0.0466319411982875,0.117718681566539
19.3589428628377,0.0477497417055241,0.113847120744692
19.4220316809106,0.0488830315921875,0.109897158081003
19.4851276585674,0.0500313271280295,0.105887249691197
19.5482303806552,0.0511941414879852,0.101833618577008
19.6113394242929,0.05237098667339,0.0977504543162841
19.67445435845,0.0535613753684149,0.0936501010720321
19.7375747435317,0.054764822731155,0.0895432335932245
19.8007001309672,0.0559808481204608,0.0854390211295985
19.8638300627993,0.0572089767610245,0.0813452793735418
19.9269640712726,0.0584487413496925,0.0772686106631463
19.9901016784201,0.0596997077833853,0.0731811379404723
20.0532423956609,0.0609615474572743,0.0690572680596986
20.1163857234368,0.0622339634149995,0.0649053471201573
20.1795311508652,0.0635166676841377,0.0607326735799356
20.2426781553949,0.0648093832132265,0.0565455994556765
20.3058262024601,0.0661118457756589,0.0523496236977476
20.3689747451329,0.0674238058424336,0.0481494782779762
20.4321232237739,0.0687450304262532,0.0439492074763525
20.4952710656776,0.07007530489957,0.0397522408046673
20.5584176847141,0.0714144347893454,0.0355614600578386
20.6215624809738,0.0727622336345296,0.031365605679831
20.6847048406176,0.0741184797332497,0.0271543864179038
20.7478441362587,0.0754829539394317,0.0229313308299385
20.8109797275423,0.0768554545044539,0.0186994395531284
20.8741109617197,0.0782357988014583,0.0144612422710334
20.937237174206,0.0796238250369661,0.0102188504552631
21.0003576891235,0.0810193939528205,0.00597400620032672
21.063471819828,0.0824223905206915,0.00172812745619438
21.1265788694208,0.0838327256321127,-0.00251765006454555
21.1896781312442,0.085250337785611,-0.00676243399978719
21.2527688893733,0.0866751467311851,-0.0109912877967116
21.3158504193469,0.088106906913654,-0.0151907704457345
21.3789219895168,0.0895453457780424,-0.0193624892756768
21.4419828626123,0.0909902118445502,-0.0235081571925077
21.5050322972715,0.0924412757669873,-0.0276295670623948
21.5680695495294,0.0938983314241996,-0.0317285683194783
21.6310938742633,0.0953611970456459,-0.0358070455511869
21.6941045265956,0.0968297163718611,-0.0398668988173761
21.7571007632558,0.0983037598511217,-0.0439100254962369
21.8200818439002,0.099783225871606,-0.0479383034696837
21.8830470324044,0.101267977879134,-0.0519150249201359
21.9459955983859,0.10275764632044,-0.055806780961265
22.0089268193615,0.104251809750043,-0.0596201848439342
22.0718399830971,0.105750057418124,-0.063361599327967
22.1347343898844,0.107251989481959,-0.0670371392783664
22.1976093547327,0.108757217329555,-0.0706526750697902
22.2604642094748,0.110265364013597,-0.0742138365846202
22.323298304787,0.111776064792202,-0.0777260175704038
22.3861110121217,0.113288967774532,-0.0811943802010278
22.4489017255538,0.114803734669087,-0.0846238596888237
22.5116698635491,0.116320007045522,-0.0879611781898318
22.5744148709102,0.117837292263895,-0.0911568785151806
22.6371362212929,0.119355047730589,-0.0942210741453304
22.6998334198739,0.120872712095982,-0.0971633877611526
22.7625060059087,0.122389704805471,-0.0999929787403293
22.8251535551669,0.123905425865553,-0.102718569401137
22.8877756822393,0.125419255817107,-0.105348469975719
22.9503720427149,0.126930555907705,-0.107890602338702
23.0129423352236,0.12843866845912,-0.110352522506864
23.0754863033391,0.129942917422459,-0.112741441962261
23.1380037373485,0.131442615474576,-0.115003408268565
23.2004944760705,0.132937070549148,-0.117087282922173
23.2629584090215,0.134425543552652,-0.119003847845412
23.325395478628,0.135907238384644,-0.120763375334999
23.3878056822901,0.13738130192607,-0.122375662125348
23.4501890742793,0.138846824356176,-0.123850060531885
23.5125457674634,0.140302839787569,-0.125195506975848
23.5748759348482,0.141748327211597,-0.12642054819768
23.637179810928,0.143182211745631,-0.127533365425177
23.699457692835,0.144603366176576,-0.128541796734114
23.7617099412857,0.146010657342931,-0.129394241617096
23.8239369815044,0.147403066503456,-0.13004074304149
23.8861393044311,0.148779530532297,-0.130491021684905
23.9483174679266,0.150138895031191,-0.130754368629229
24.0104720977773,0.151479916247485,-0.13083966802159
24.0726038884814,0.1528012634602,-0.130755416057846
24.134713603798,0.15410152182043,-0.130509736831105
24.1968020770481,0.155379195632005,-0.130110395447482
24.2588702111506,0.156632712059133,-0.129564808832642
24.3209189783798,0.157860425245724,-0.128880054561511
24.3829494198347,0.159060688106523,-0.128030715028767
24.4449626447298,0.160232049845772,-0.126991295212074
24.5069598297132,0.161373042948092,-0.125768240841201
24.5689422180451,0.162482118559268,-0.124367645091072
24.6309111185054,0.163557651866596,-0.12279524815072
24.6928679040139,0.164597947928082,-0.121056434124893
24.7548140099472,0.165601247927565,-0.119156225561048
24.8167509321377,0.166565735831486,-0.117099275835496
24.878680224543,0.167489545422876,-0.114889859580873
24.9406034965719,0.168370767684527,-0.11253186129168
25.0025224100583,0.169207528526094,-0.110023165135498
25.064438675971,0.169998203666428,-0.107360662314428
25.1263540510289,0.170741210787717,-0.104546174230373
25.1882703341052,0.171434946254719,-0.101581142604896
25.2501893623265,0.172077792840599,-0.0984666085728068
25.3121130068582,0.172668127664913,-0.0952031895387868
25.3740431683692,0.173204330316139,-0.091791053711665
25.4359817721716,0.173684791130424,-0.0882298922187307
25.497930763034,0.174107919598663,-0.0845188886362448
25.5598920996641,0.174472152874854,-0.0806566857469688
25.6218677488647,0.174776112891923,-0.0766792336907364
25.683859679437,0.175019063543492,-0.072620440090193
25.7458698560073,0.175200476889176,-0.0684752741430367
25.8079002327685,0.175319889693507,-0.0642384354436529
25.8699527470962,0.175376907459053,-0.0599043203306264
25.9320293130477,0.175371208384905,-0.0554669865480453
25.9941318147517,0.175302547255171,-0.0509201160315074
26.0562620996997,0.175170759264147,-0.046256975657353
26.1184219719501,0.174975763791453,-0.0414703757896434
26.1806131852565,0.174717568142351,-0.036552626443254
26.2428374361314,0.174396303331328,-0.0315136580083749
26.3050963568551,0.174012324865544,-0.0263627794806123
26.3673915084461,0.173566121115001,-0.0210905980949978
26.4297243736393,0.17305828366299,-0.0156871930126797
26.4920963498974,0.172489509486488,-0.0101420667984278
26.5545087424721,0.171860603263162,-0.00444409503912925
26.6169627575304,0.171172479860189,0.00141852577702535
26.6794594953627,0.1704261670657,0.00745833193218804
26.7419999436903,0.169622808631501,0.0136886473778166
26.8045849710865,0.168763667701273,0.0201236394127739
26.8672153205404,0.16785027342611,0.0267296955029394
26.9298916033833,0.166884845101422,0.0334727614944303
26.9926142939794,0.165869851507513,0.0403672443104632
27.0553837249615,0.164807865937117,0.0474278777885513
27.1182000828421,0.163701566397899,0.0546697315018554
27.1810634040055,0.162553736517033,0.0621082104382596
27.2439735710909,0.161367267210858,0.0697590437099058
27.3069303097784,0.160145159172811,0.0776382600905074
27.3699331859868,0.158890526235892,0.0857621478349499
27.4329816034935,0.157606599657792,0.0941471957785886
27.4960748019929,0.156296794014235,0.102762575030715
27.5592118557658,0.154964882404131,0.111575107721228
27.6223916732533,0.153614796316672,0.120597391502015
27.6856129973141,0.15225056402536,0.12984127040228
27.7488744060131,0.15087631323451,0.139317655217834
27.8121743139369,0.14949627431896,0.149036312570371
27.8755109740354,0.148114784065531,0.159005620260574
27.9388824799927,0.146736289804606,0.169232286887653
28.0022867691241,0.145365353793365,0.179721034254058
28.0657216258021,0.144006657684997,0.190474241950604
28.1291846854171,0.142665001731308,0.201439914370566
28.1926734390643,0.141345271610388,0.212560796129038
28.2561852392582,0.140052416271158,0.2238267544715
28.3197173063608,0.138791443760287,0.235223887351011
28.3832667355255,0.137567415722629,0.246734212172229
28.4468305041395,0.136385440365035,0.258335378013009
28.5104054797583,0.135250663615738,0.270000416294698
28.5739884285225,0.134168258224183,0.281697546976539
28.6375760240503,0.133143410567345,0.293390059116596
28.7011648567961,0.132181304957469,0.305036285842073
28.7647514438728,0.131287035349483,0.316534485933694
28.8283322394674,0.13046534513623,0.32777927992275
28.8919036460349,0.129720760148202,0.338717829990896
28.9554620260022,0.129057621526341,0.349295184028147
29.0190037138178,0.128480054316806,0.359455143630488
29.0825250283246,0.127991935081992,0.369141257706514
29.1460222854374,0.127596859059016,0.378297919731091
29.2094918111063,0.127298107467526,0.386871538275875
29.2729299545467,0.127098615631341,0.394811742787302
29.3363331017181,0.127000942604332,0.402072580562134
29.3996976890288,0.127007147807883,0.408560856646205
29.46302021727,0.127118449841398,0.414194912834324
29.5262972657554,0.127335438054611,0.41895707737145
29.5895255065589,0.127658144900778,0.422839372620105
29.6527017187811,0.128086036453407,0.425843776647689
29.7158228028097,0.12861800877161,0.427982188861525
29.7788857945351,0.129252390038509,0.429276105957729
29.8418878794837,0.129986948216103,0.429756029927554
29.9048264068301,0.130818903796153,0.42946064331949
29.9676989032454,0.131744947094308,0.428435797383018
30.0305030865362,0.132761184003103,0.42668933909291
30.0932368789118,0.133862909993937,0.42423921695482
30.1558984196194,0.135044823018609,0.421154044526826
30.2184860770427,0.136301125867204,0.417505161394269
30.280998460311,0.137625560939955,0.413365257985495
30.3434344303644,0.139011445932636,0.40880712070284
30.4057931104135,0.140451709829602,0.403902528662769
30.4680738957321,0.141938928720844,0.398721321611036
30.530276462721,0.143465361096725,0.393330647831492
30.5924007771793,0.145022982401935,0.38779439148324
30.6544471017084,0.146603549440941,0.3821475107563
30.7164160018655,0.14819871693,0.376420985274501
30.7783083504938,0.149799962654627,0.370667219701742
30.8401253306983,0.151398585903111,0.364934853187034
30.9018684377282,0.152985738493479,0.359268814427407
30.9635394797203,0.154552455813745,0.353710463242919
31.0251405772473,0.156089688067439,0.348297802295512
31.0866741616187,0.157588331911964,0.343065743951493
31.1481429718837,0.159039262670511,0.33804641917829
31.2095500504939,0.160433367266614,0.333269517380004
31.2708987375716,0.161761725232202,0.32875004682123
31.3321926633915,0.163016084866928,0.324497064398381
31.3934357385208,0.164188454370509,0.32052905790325
31.4546321422652,0.165270986006199,0.316863880864622
31.5157863097943,0.166256008133028,0.313519058153639
31.5769029179614,0.167136057943444,0.310512092980333
31.6379868698263,0.167903914719795,0.307860777027699
31.6990432778973,0.168552633396588,0.305583506297754
31.7600774461162,0.169075578195595,0.303699605992924
31.821094850622,0.16946645609187,0.302229668530877
31.8821011193203,0.169719718003077,0.301190119717585
31.9431020099537,0.169831696378827,0.300589004717698
32.0041033862975,0.169799527100596,0.300437353290836
32.0651111933507,0.169620798058971,0.30074881765032
32.1261314320212,0.169293563623671,0.3015398944491
32.1871701334018,0.16881635771303,0.302830176212856
32.2482333327249,0.168188205455654,0.304642637012629
32.3093270430878,0.167408633516237,0.307003957439932
32.37045722904,0.166477679244692,0.309944894285815
32.4316297801308,0.165395898901468,0.313500700636569
32.492850484508,0.164164755459853,0.317699967175036
32.55412500256,0.162787755515698,0.32256436092257
32.6154588406593,0.16126929026653,0.328125957094828
32.6768573255067,0.159614246280289,0.334421777253683
32.7383255793319,0.157827999844463,0.341494062847738
32.7998684960341,0.155916413534835,0.34939056080735
32.8614907183344,0.153885835842638,0.358164808420252
32.9231966160077,0.151743104772103,0.367876399062427
32.9849902652558,0.149495556394976,0.37859120265534
33.0468754292762,0.14715103941488,0.390381504384746
33.1088555400736,0.14471820770164,0.40329375345746
33.1709336814921,0.142207336380707,0.417365651152313
33.2331125734825,0.139629494168155,0.432662984793197
33.2953945578885,0.136996297116784,0.449252744869588
33.3577815858658,0.134319947825618,0.467201157876684
33.4202752069376,0.13161328369162,0.486570995455751
33.4828765596773,0.128889833988584,0.507417972603226
33.5455863640078,0.126163885004278,0.529786024552171
33.6084049150983,0.123450551713302,0.553701240151467
33.6713320788388,0.12076585345465,0.579164240118763
33.7343672888843,0.118127169393613,0.606047152927624
33.797509545684,0.115554357898476,0.634135167510293
33.8607574182687,0.113068489675432,0.663223138637192
33.9241090482057,0.110691415967844,0.693028489873365
33.9875621552474,0.108445691982531,0.723180314209284
34.0511140445799,0.10635444361747,0.753211494244344
34.1147616155874,0.104441165354222,0.782556165219241
34.1785013720535,0.102729439558694,0.810555169566675
34.2423294337165,0.101242572312781,0.836472075141672
34.3062415490993,0.100003148623969,0.859521615131346
34.3702331095545,0.0990326382674089,0.878819531252
34.4342991649603,0.0983510883172027,0.893509692866248
34.4984344418302,0.097976006955408,0.902930665610501
34.5626333629716,0.0979216754413675,0.906594867876366
34.6268900680928,0.0981987087784355,0.904237476427206
34.6911984352436,0.0988137699530036,0.895845464165727
34.7555521029908,0.0997694705665229,0.881661190023326
34.8199444932388,0.101064469265214,0.862159611773919
34.8843688346029,0.102693755697295,0.838003161164381
34.9488181862457,0.104649086750074,0.809982147746823
35.0132854621206,0.106919514812419,0.778898011088533
35.0777634562391,0.109491865393633,0.74556419423107
35.1422448699988,0.112351245610902,0.710806257232994
35.206722340347,0.115481616095104,0.675368197265405
35.2711884679725,0.11886630424207,0.639889262884664
35.3356358453988,0.122488433398487,0.604894218392693
35.4000570848788,0.126331261672539,0.570794225300803
35.4644448459907,0.130378433042768,0.537895094945516
35.5287918628347,0.134614149340159,0.506409894310833
35.5930909707291,0.139023274845065,0.476473460285052
35.6573351323335,0.143591386678135,0.448164400296468
35.7215174638688,0.148304762121952,0.421509928100303
35.7856312625675,0.153150315287738,0.396491735210656
35.8496700340248,0.158115544276101,0.37306432287251
35.9136275185668,0.163188469504423,0.351163254866985
35.9774977164951,0.168357563483123,0.330711725393859
36.0412749120889,0.173611676733346,0.311625652375446
36.1049536962459,0.178939963416407,0.293817529285074
36.1685289876396,0.184331809347732,0.277199262503823
36.2319960522668,0.189776764372468,0.261684199585094
36.2953505212924,0.195264592279331,0.247217056694845
36.3585884079179,0.200785539783209,0.233740611493509
36.4217061245783,0.206329929041326,0.221171760404572
36.4847004990848,0.211887992902603,0.209433368816562
36.5475687887659,0.217449832868455,0.198454132534236
36.6103086924528,0.223005386024582,0.188168335497286
36.6729183601865,0.228544401111094,0.17851554334307
36.7353964005257,0.234056423884862,0.169440261428065
36.7977418853341,0.239530791912182,0.160891577621697
36.8599543519293,0.244956638910667,0.152822803940713
36.9220338025182,0.250323202333907,0.145226425912912
36.9839807018196,0.255620712238459,0.138093132492888
37.0457959745711,0.260839507410456,0.131379945588001
37.1074810015399,0.265969761210829,0.125048079158974
37.1690376130454,0.271001512448912,0.119062479369497
37.2304680799013,0.275924704445289,0.113391415821963
37.2917751017264,0.280729231920282,0.108006118306684
37.3529617925846,0.285404995277706,0.102880453899356
37.4140316639252,0.289941961764679,0.0979906396667136
37.4749886048046,0.294330232899723,0.0933149866917168
37.5358368594278,0.298560521049269,0.0888652662978078
37.5965810031195,0.302625410118636,0.0846516874849691
37.6572259187815,0.306518165441533,0.0806533700826923
37.7177767725861,0.310232381378385,0.0768515137117168
37.7782389879898,0.313762039217018,0.0732291568701914
37.8386182180958,0.317101565323218,0.0697709657360804
37.8989203164466,0.320245888704069,0.0664630484725968
37.9591513063324,0.323190497157661,0.0632927914750483
38.0193173487138,0.325931491204423,0.060248714510002
38.079424708862,0.328465635038336,0.0573203421732832
38.1394797218849,0.330790840811713,0.0545257870094111
38.1994887586753,0.332907468219958,0.0518822558282219
38.259458194976,0.334816942383258,0.0493794702503332
38.3193943819374,0.336521307004196,0.047008208511415
38.3793036169971,0.338023221737848,0.0447601868830608
38.4391921151351,0.339325954781882,0.0426279557935378
38.4990659806001,0.340433370861007,0.0406048086951877
38.5589311792016,0.34134991485934,0.0386847020140041
38.6187935112513,0.342080591426632,0.0368621847523419
38.6786585852341,0.342630940944583,0.0351323365531334
38.7385317923248,0.34300750570305,0.0335094468434282
38.7984182830355,0.343219221753295,0.032007368948537
38.8583229483322,0.343275791084492,0.0306213594759752
38.9182504038904,0.343187112602793,0.0293472439336282
38.9782049764298,0.342963219921793,0.0281813570579322
39.038190692071,0.342614220134778,0.0271204903129262
39.0982112666899,0.342150234175532,0.0261618455889702
39.1582700982323,0.341581339304575,0.0253029943074686
39.2183702609387,0.340917514180248,0.0245418412194529
39.278514501423,0.340168586899041,0.0238765923338908
39.338705236553,0.339344201028154,0.0233118618209076
39.3989445534916,0.338453792676921,0.0228525056671914
39.4592342125163,0.337506466062026,0.0224974848875598
39.5195756518409,0.336510934826234,0.0222459881653266
39.5799699939054,0.335475487701063,0.0220974126063235
39.6404180530048,0.334407958358382,0.0220513472384243
39.7009203441456,0.333315699375177,0.0221075591474097
39.7614770930132,0.332205560201638,0.0222659821635697
39.8220882469327,0.331083868996956,0.0225267080887497
39.8827534867074,0.329956418173347,0.0228899804412367
39.9434722392502,0.328828728363159,0.0233572896817726
40.0042436918107,0.327706814689487,0.0239299643092846
40.0650668093301,0.326596263333961,0.0246082137157391
40.1259403536448,0.325501931533966,0.0253923744401953
40.1868629035592,0.324427938258263,0.0262829095586329
40.2478328756126,0.323377658427808,0.0272804117194908
40.308848545395,0.322353720512209,0.0283856099099509
40.3699080692719,0.321358007345473,0.0295993800490183
40.4310095063783,0.320391660018132,0.0309227594752444
40.4921508407458,0.319455084717952,0.0323569654013562
40.5533300034069,0.318548076599892,0.0338906808884638
40.6145448938445,0.317670199157183,0.0355125313655619
40.6757933999379,0.316820496299932,0.0372239421480163
40.7370734172228,0.315997395262031,0.0390265549964591
40.79838286789,0.315198719511957,0.0409222568453374
40.8597197194314,0.314421703867546,0.0429132115292914
40.9210820028247,0.313663011792643,0.0450018945844676
40.982467830152,0.312918754858011,0.0471911312469779
41.0438754115463,0.312184514354831,0.0494841378197419
41.1053030713677,0.311455365053038,0.0518845666375852
41.1667492634724,0.310726083335258,0.0543750209772794
41.2282125845502,0.309991764369702,0.0569379104998399
41.289691784073,0.309247374166052,0.059577259180558
41.3511857724887,0.308487598031604,0.0622975312215923
41.4126936285833,0.307706861648504,0.0651036738757898
41.4742146059914,0.30689935374169,0.068001164021916
41.5357481387988,0.306059050314657,0.0709960590565931
41.5972938461832,0.305179740421519,0.0740950527626566
41.6588515360467,0.30425505343253,0.0773055369035426
41.7204212075962,0.303278487739147,0.080635669430202
41.7820030527769,0.302243704629879,0.0840660480294112
41.8435974551373,0.301145406842911,0.0875764870631564
41.9052049840516,0.299978668539956,0.0911750367298524
41.9668263868227,0.298738700158395,0.0948703921873209
42.0284625801435,0.297420862535398,0.0986719587414587
42.0901146409872,0.29602068131959,0.102589924450094
42.1517837969427,0.294533861579044,0.106635341044984
42.2134714160141,0.292956302518402,0.110820214228887
42.2751789959112,0.291284112226493,0.115157604513418
42.3369081528588,0.289513622384198,0.119661739938997
42.3986606098981,0.287641724597633,0.124317921468032
42.4604381832441,0.285666898134649,0.129109609477171
42.5222427645868,0.283588332650268,0.13404985628628
42.5840763021131,0.281405610058776,0.139152633649531
42.6459407818808,0.279118694476777,0.144432929848579
42.7078382096654,0.276727921818532,0.14990685532115
42.7697705933402,0.274233989183447,0.155591757497095
42.8317399258456,0.271637944204454,0.161506345535955
42.8937481688054,0.268941174557634,0.16767082567432
42.9557972368451,0.266145397861207,0.174107047810719
43.0178889826173,0.263252946860765,0.180807875427445
43.0800251813995,0.260267670757761,0.18776315511493
43.1422075135952,0.257194079700524,0.194992319319534
43.2044375473913,0.254037030355276,0.202515888016808
43.2667167228812,0.250801700262373,0.210355520791705
43.3290463377329,0.247493564201833,0.218534060526034
43.3914275344258,0.244118372876299,0.227075565504117
43.4538612890754,0.240682134198312,0.236005325954017
43.5163484018574,0.237191097454579,0.245349860048748
43.5788894890387,0.233651740592857,0.25513688322711
43.6414849765682,0.230071061915063,0.265359208912848
43.7041350940464,0.226457490601222,0.27600210883566
43.7668398673402,0.222819993699629,0.287081985658084
43.8295991119959,0.219167756918466,0.298613733551852
43.8924124286692,0.215510164839392,0.31061022017816
43.9552792005738,0.211856783639354,0.323081675657977
44.0181985928959,0.20821734589563,0.336034980627919
44.0811695541165,0.204601736923967,0.349472847300761
44.1441908191755,0.201019981973061,0.363392890479323
44.2072609144119,0.197482233460592,0.377786589964117
44.2703781641764,0.193998844607194,0.392615905720087
44.333540698344,0.190580618998876,0.407829328188045
44.3967464595702,0.187238530382502,0.423384690792801
44.4599932113985,0.18398360150527,0.43922793546337
44.5232785478448,0.180826862403748,0.455291941465508
44.5865999043922,0.177779300831381,0.471495527115492
44.649954570296,0.174851803518361,0.487742726711885
44.7133397020999,0.172055087148541,0.503922459608139
44.776752338261,0.169399618241696,0.519908717434004
44.8401894147794,0.166895521563871,0.535561395641647
44.9036477816979,0.16455254313017,0.550743425805915
44.9671242195841,0.162380174543734,0.565304753339219
45.0306154546668,0.160387401338434,0.579070244962538
45.0941181738252,0.158582513692843,0.591860364535758
45.1576290401229,0.156972968154846,0.603496123160683
45.2211447088219,0.155565248721838,0.613804723314661
45.2846618437746,0.154364732064084,0.6226256358248
45.3481771340914,0.153375562155706,0.629816764803874
45.4116873109827,0.152600539733349,0.635260296521288
45.4751891646707,0.152041031745232,0.63886780680601
45.5386795612536,0.151696875046384,0.640637677038742
45.6021554591293,0.151566312276679,0.64060611286792
45.6656139243951,0.151646188290991,0.638791055567031
45.7290521455804,0.151932017863367,0.635242950693203
45.7924674479102,0.152418032304378,0.630042406259044
45.8558573070319,0.153097248841559,0.623296603912101
45.9192193621201,0.153961559374145,0.615134754345752
45.9825514282761,0.155001834488845,0.605702943071233
46.0458515081389,0.156208038248638,0.595158727412385
46.1091178026217,0.157569349240684,0.583665823100577
46.1723487206794,0.159074406091068,0.571440689333565
46.2355428877253,0.160711853961522,0.558687242226752
46.2986991521894,0.16247018621563,0.54554595391118
46.3618165907021,0.164337727441273,0.532147569394924
46.4248945121687,0.166302715115405,0.518611569216437
46.4879324606925,0.168353372484865,0.50504526112067
46.5509302172972,0.170477972754967,0.491543417089683
46.6138878003998,0.172664895045789,0.478188359926282
46.6768054649876,0.17490267284372,0.465050401439636
46.7396837004533,0.177180035842903,0.452188539161661
46.8025232270542,0.179486194164241,0.439697573226457
46.8653249910593,0.181811650603156,0.4276506229639
46.928090158829,0.184147538653188,0.416061048921085
46.9908201098264,0.186485388327645,0.404936210932451
47.0535164285077,0.188817128924345,0.394278455025943
47.1161808950949,0.191135091616166,0.384085998509135
47.178815475242,0.193432012297903,0.374353712152361
47.2414223086099,0.195701035001673,0.365073802498447
47.3040036963667,0.19793571608898,0.356236399993775
47.3665620876361,0.200130029338129,0.347830060354441
47.4291000649393,0.202278600351811,0.339852080994714
47.4916203291567,0.204377393450218,0.332292477360204
47.5541256849487,0.206423019298924,0.325128351294421
47.6166190260687,0.208412501489777,0.318337424800991
47.6791033201669,0.210343273153495,0.311898133880637
47.7415815931203,0.212213174397146,0.305789689663223
47.8040569129371,0.214020450368454,0.29999211329513
47.866532373293,0.215763749758352,0.294486249977404
47.9290110767506,0.217442123566766,0.289253766631926
47.9914961177201,0.219055023972427,0.284277136820111
48.05399056525,0.220602438358083,0.279519995278249
48.1164974465411,0.222085256626754,0.274944860464808
48.179019732645,0.223504796328391,0.270533973599924
48.2415603251759,0.224862649988662,0.266270645527695
48.3041220432733,0.226160676442528,0.262139179271757
48.3667076108222,0.227400992068881,0.258124797631873
48.429319643972,0.228585961912801,0.254213575889705
48.4919606389883,0.229718190695558,0.250392379530717
48.5546329604735,0.23080051372498,0.246648806914894
48.6173388299895,0.231835987728412,0.242971136763184
48.6800803151528,0.232827865943164,0.239322174031763
48.7428593201878,0.233779495061441,0.23566647730473
48.8056775794865,0.234694271110591,0.231995950502691
48.8685366526292,0.235575634156097,0.228303147463098
48.9314379199042,0.236427059559056,0.224581231366645
48.994382578284,0.237252049869633,0.220823937522086
49.057371637853,0.23805412738343,0.217025539120065
49.1204059186833,0.238836827383669,0.213180815620474
49.1834860481478,0.23960369208767,0.209285023451153
49.2466124586668,0.240358265311431,0.205333868785808
49.3097853859109,0.241103984388547,0.201318260536895
49.373004868314,0.241843831728264,0.197231071520378
49.4362707492008,0.242580583249575,0.193071531463676
49.4995826800186,0.243316903014,0.18883918394993
49.562940123754,0.24405534404994,0.184533852663279
49.6263423584716,0.244798350176461,0.180155607950329
49.6897884809453,0.245548258785725,0.175704733805141
49.7532774103567,0.246307304543234,0.171181695330291
49.8168078920312,0.247077623964378,0.16658710681177
49.8803785011886,0.247861260826791,0.16192170051506
49.9439876467088,0.248660091500773,0.157205831181041
50.0076335755709,0.249475569985661,0.152460221691195
50.0713143789803,0.250308944219738,0.147686210607187
50.1350279989799,0.251161340053814,0.142885092443027
50.1987722348125,0.252033769892756,0.138058090513852
50.2625447489791,0.252927142048645,0.133206331168749
50.3263430729661,0.253842270769147,0.128330819527235
50.3901646126185,0.254779886909492,0.123432416827707
50.4540066531335,0.25574064922073,0.118511819444183
50.5178663636537,0.256725156233356,0.113569539663136
50.5817408014692,0.257734021139022,0.108643918008076
50.6456269165521,0.258768050877139,0.103771794026033
50.7095215576334,0.259828031823588,0.0989512556561531
50.7734214786846,0.260914668784112,0.0941803489533225
50.8373233450581,0.262028591928897,0.0894570665706243
50.9012237392393,0.263170364329719,0.0847793369559855
50.9651191661937,0.264340490092286,0.0801450142928558
51.0290060582895,0.265539423079907,0.0755518692003018
51.0928807797809,0.266767576227484,0.0709975802213855
51.1567396308355,0.268025331450471,0.0664797260790346
51.220578851121,0.269313193760527,0.0620302069931344
51.2843946237,0.27063220433049,0.0576796479851979
51.348183080536,0.271983466097772,0.0534237509072221
51.4119403085427,0.273367995198063,0.0492583569055293
51.4756623554404,0.274786723341073,0.0451794295142027
51.5393452353714,0.276240500834796,0.0411830386315849
51.6029849342537,0.277730100257036,0.0372653454017508
51.6665774148528,0.279256220779547,0.0334225879945685
51.7301186215522,0.280819493148757,0.0296510682905917
51.7936044848015,0.28242048533552,0.0259471394548981
51.8570309252573,0.284059963447561,0.0223348607074779
51.9203938585003,0.285739621737539,0.018837631827912
51.9836892019319,0.287461248296821,0.0154510695597459
52.0469128826932,0.289226453950808,0.0121710593336339
52.1100608457525,0.291036665704822,0.00899372431712973
52.1731290620952,0.292893120739241,0.00591539679031421
52.2361135369786,0.294796860960188,0.00293259175779991
52.2990103182164,0.296748728119102,4.19827161527913e-005
52.3618155044523,0.298749359517459,-0.0027596205141192
52.4245252533836,0.30079918431973,-0.00547529197224522
52.4871357899263,0.302898542906576,-0.00809809468584645
52.549643415119,0.305048009487947,-0.0106210502893678
52.6120445171616,0.307247945090235,-0.0130469929142536
52.6743355833551,0.309498354720561,-0.0153786407272412
52.7365132120834,0.311798877808336,-0.017618618395087
52.7985741247378,0.314148779508213,-0.0197694768700099
52.8605151775139,0.316546942946407,-0.0218337106213971
52.9223333730109,0.318991862507893,-0.023813772502732
52.9840258715584,0.321481638272902,-0.0257120863998268
53.0455900021942,0.324013971724637,-0.0275310578538587
53.1070232732638,0.32658644631761,-0.0292617176840373
53.1683233837809,0.329197313847647,-0.0308947330249032
53.2294882376396,0.331844525986912,-0.0324319072544999
53.2905159590117,0.334525418698243,-0.0338749943004263
53.3514049076992,0.337236696732714,-0.0352257146662982
53.4121536942814,0.339974420341656,-0.0364857684555178
53.4727611949359,0.342733994505327,-0.0376568456481724
53.5332265658073,0.345510161005624,-0.038740633888215
53.5935492567972,0.348296993693312,-0.0397388240522042
53.6537290246419,0.351087897321491,-0.0406531138556499
53.7137659451565,0.35387589618207,-0.0414915251719589
53.7736604248949,0.35665448340739,-0.0422615172052798
53.8334132129153,0.359416740938344,-0.0429639596697685
53.8930254122556,0.362155050824477,-0.0435997398370645
53.9524984906824,0.364861100438158,-0.0441697673981744
54.0118342905521,0.367525893184496,-0.044674978104937
54.0710350376319,0.370139765164634,-0.0451163363780935
54.1301033487265,0.372692408226211,-0.0454948370277776
54.189042237957,0.375172899798199,-0.0458115062387354
54.2478551215372,0.377569739853701,-0.0460674019610239
54.3065458208972,0.379871177703893,-0.046279259432684
54.3651185640958,0.382066113372354,-0.046463327667142
54.423577985728,0.384143306039829,-0.0466200174641403
54.481929125396,0.386091142935819,-0.046749820510383
54.5401774246176,0.38789769620123,-0.0468533132097894
54.5983287220467,0.389550786515439,-0.0469311606030041
54.6563892468879,0.391038053216827,-0.0469841203837434
54.7143656103972,0.392347030502578,-0.0470130470733987
54.772264795368,0.393465229140905,-0.0470188963626441
54.8300941435147,0.394380222970886,-0.0470027296650015
54.8878613406475,0.395080189969051,-0.0469884586520598
54.9455743988612,0.395555402826442,-0.0469994612188252
55.0032416348642,0.395797037432659,-0.0470362180892553
55.0608716461277,0.395796798983601,-0.047099401053034
55.1184732857296,0.395546983712074,-0.0471898832651906
55.1760556359522,0.395040537372121,-0.0473087511041175
55.233627980671,0.394271109471756,-0.0474573177915708
55.2911997765853,0.393233102275903,-0.0476371390112399
55.3487806233494,0.391921713652612,-0.0478500308273801
55.406380232679,0.390332972908283,-0.0480980902470977
55.4640083964679,0.388464217714398,-0.0484044754090154
55.5216749528947,0.386315514224689,-0.0487921337074695
55.5793897491582,0.383888399744944,-0.0492633691941469
55.6371626033015,0.381185415382067,-0.049820909878273
55.6950032665226,0.378210063032891,-0.0504679446267815
55.7529213861564,0.37496675366945,-0.0512081663096031
55.8109264694624,0.371460747692424,-0.0520458220333119
55.8690278483412,0.367698088260003,-0.052985771536166
55.9272346451049,0.36368552860688,-0.054033554962863
55.9855557394118,0.359430454450449,-0.0551954715100301
56.0439997364095,0.354941341370289,-0.0564870103516062
56.1025749346919,0.350229338381124,-0.057923419724733
56.1612892921473,0.34530663786031,-0.0595119288820675
56.2201503928312,0.340185826616291,-0.0612607329006776
56.2791654165977,0.334879764240585,-0.0631790966428555
56.3383411115945,0.329401466464183,-0.0652774740550933
56.3976837696464,0.323763994866022,-0.0675676450978007
56.4571992045304,0.317980354079076,-0.0700628730174219
56.5168927331313,0.312063397431441,-0.0727780851939562
56.5767691594488,0.306025741752948,-0.0757300813829254
56.6368327613567,0.299880106967679,-0.0789281072235344
56.6970872786573,0.293640530371665,-0.0823812166430014
56.7575359004008,0.28732111424393,-0.0861089717393222
56.8181812541294,0.280935550097478,-0.0901331153010373
56.8790253984773,0.27449706088722,-0.0944778102298004
56.9400698190667,0.268018355949197,-0.0991699079139996
57.0013154275735,0.261511598321043,-0.104239248768011
57.0627625638247,0.254988383980632,-0.109718998257289
57.124411000789,0.248459732458978,-0.115646021834506
57.1862599523167,0.241936088239534,-0.12206130213729
57.2483080834286,0.23542759657466,-0.128979561051585
57.310553521668,0.22894494174387,-0.13641468097129
57.3729938673873,0.222498619175799,-0.144412630116874
57.4356262052633,0.216098699733718,-0.153023406847
57.4984471183005,0.209754860370098,-0.162301242733013
57.5614527042126,0.20347642324237,-0.172304753597735
57.6246385940222,0.197272402595777,-0.183097009708809
57.6879999727196,0.191151558727224,-0.1947454866871
57.7515316018285,0.185122458344958,-0.207321846426882
57.8152278437307,0.17919354060617,-0.220901482133727
57.8790826875507,0.173373181286024,-0.235525300830761
57.9430897750584,0.167669772742912,-0.251229942675555
58.0072424242289,0.162091861235881,-0.268085379989524
58.0715336526242,0.156648228677869,-0.28615753420117
58.1359562018898,0.151347960716873,-0.305504777809581
58.2005025633062,0.146200512331015,-0.32617336839778
58.2651650042805,0.14121576768385,-0.348191628923782
58.3299355956674,0.136404090061283,-0.371562713847286
58.3948062398157,0.131776356623897,-0.396255866812457
58.459768699236,0.127343971489563,-0.422196201557043
58.524814625768,0.123118733398337,-0.449236267519295
58.5899355894992,0.119112445223085,-0.477165025531382
58.6551231062744,0.115337183304813,-0.505713059383485
58.7203686646975,0.111805263577007,-0.534524356172765
58.7856637531829,0.108529026303606,-0.563149955823091
58.8509998870054,0.105520552925678,-0.591047325338037
58.9163686352739,0.102791314335889,-0.61758788289823
58.9817616477529,0.100351756744166,-0.642074800260668
59.0471706814591,0.098210840043209,-0.663772275263797
59.1125876269613,0.0963755533131088,-0.681945818085193
59.1780045342634,0.0948502661245095,-0.695972231405209
59.2434136370158,0.0936358782809514,-0.705354550571857
59.3088073730476,0.0927301977316589,-0.709692039339684
59.3741784029791,0.0921279576906623,-0.708762806777579
59.4395196280299,0.0918207767300475,-0.702542245224934
59.5048242070209,0.0917972668590685,-0.691202510506102
59.5700855725192,0.0920432802855718,-0.67509328868329
59.6352974460776,0.0925422707269678,-0.654707307623164
59.7004538525186,0.093275734670179,-0.630636313266064
59.7655491332122,0.0942236934367972,-0.60352404877188
59.830577958276,0.0953651090461994,-0.574209175343049
59.8955353370758,0.0966782666499683,-0.543495894681652
59.9604166260413,0.0981415996734298,-0.511935112679637
60.0252175346548,0.0997340838959243,-0.479997803662331
60.0899341301628,0.10143545453008,-0.448070414537396
60.1545628410229,0.103226357035695,-0.416456750889981
60.2191004590766,0.105088441003432,-0.385384242562146
60.2835441404394,0.107004407958385,-0.355012731561411
60.3478914051016,0.108958023995844,-0.325444317369386
60.4121401352367,0.110934107296242,-0.296733214265577
60.4762885722044,0.112918595526853,-0.269089276752102
60.5403353120002,0.114898866867645,-0.242675707287536
60.6042792987804,0.116863509345579,-0.217432403235617
60.6681198169339,0.118802154907493,-0.19328549055296
60.7318564820058,0.120705396990955,-0.170152326525966
60.7954892305235,0.122564716995809,-0.147945285097417
60.8590183087712,0.124372420355386,-0.126574552753152
60.9224442605598,0.126121582342287,-0.105950139285137
60.9857679140415,0.127806003375058,-0.0859832786281052
61.0489903676241,0.129420173351474,-0.0665873654298406
61.1121129750472,0.13095940868383,-0.0478441101259029
61.1751373298642,0.132420335946741,-0.029832592847943
61.2380652497409,0.133800389642368,-0.0124694361116663
61.3008987604409,0.135097613420079,0.0043220296896801
61.3636400794125,0.136310627874505,0.020612058871387
61.426291599047,0.137438603867932,0.0364648202427879
61.4888558696811,0.138481240432121,0.0519387347268074
61.5513355824167,0.139438746415219,0.0670868003649158
61.6137335518306,0.140311825138967,0.0819568907806028
61.6760526986437,0.141101661428499,0.0965920178194242
61.7382960324395,0.141810056390672,0.110904689622262
61.8004666349746,0.142439829724321,0.124801140944521
61.8625676449631,0.142994317768416,0.138307014533872
61.9246022437151,0.143477191119035,0.15144231298702
61.9865736412279,0.143892423860535,0.164221737226349
62.0484850627544,0.144244262894363,0.176654998057688
62.1103397358889,0.144537197122027,0.188747108247863
62.172140878202,0.14477592629747,0.200498662818745
62.2338916854544,0.144965329426744,0.211906115211646
62.2955953204103,0.145110432640808,0.222962056802501
62.3572549022933,0.1452164477241,0.233594392613575
62.4188734975089,0.145288923176444,0.243725236326966
62.4804541126453,0.145333441095892,0.253333611599613
62.5419996888121,0.145355495429852,0.262396106231632
62.6035130967003,0.145360448671863,0.270887447760503
62.6649971323181,0.145353489287378,0.278781108179474
62.7264545133774,0.145339590219852,0.286049932816413
62.7878878762981,0.14532346886634,0.292666785652533
62.8492997737956,0.145309548940087,0.298605200755822
62.9106926730124,0.145301924657192,0.303840027170615
62.972068954171,0.145304358063086,0.308359171913615
63.0334309102633,0.145320336488849,0.312151974467853
63.0947807486319,0.145352947726809,0.315199096281351
63.1561205935144,0.145404824662578,0.317484649218363
63.2174524889388,0.145478125278968,0.31899660863792
63.2787784018925,0.145574517086561,0.319727134935377
63.3401002257048,0.14569516621218,0.319672792532784
63.4014197835841,0.145840731300467,0.318834658641771
63.4627388322486,0.146011362301537,0.317218317938382
63.5240590655916,0.146206704132274,0.314833743393484
63.5853821183351,0.146425952756243,0.311757710501763
63.6467095700109,0.14666803231023,0.308068463161241
63.7080429498628,0.146931504281709,0.303783454697642
63.7693837420057,0.147214541180053,0.298922654255335
63.8307333904003,0.147514945101124,0.293508133909575
63.8920933035815,0.147830168759713,0.287563623344038
63.9534648590933,0.14815733868592,0.28111404400412
64.0148494075867,0.148493280264608,0.274185034285248
64.0762482765378,0.148834544304885,0.266802476464504
64.1376627735462,0.149177434826392,0.258992034850416
64.1990941891813,0.149518152364967,0.250877035138989
64.2605437995285,0.149853199594991,0.24257499856632
64.3220128687353,0.15017911848422,0.234101415173325
64.3835026513032,0.150492401561906,0.225470285302103
64.4450143939432,0.150789508706863,0.216694001669514
64.5065493369739,0.15106688356108,0.207783250649225
64.5681087152531,0.151320969548582,0.198746930496072
64.6296937586338,0.151548225487212,0.189592084002346
64.6913056919387,0.151745140797683,0.180323842872474
64.7529457344481,0.151908250319993,0.170945381022377
64.8146150988995,0.152034270724003,0.161534127185675
64.8763149899813,0.15212049869027,0.152162647561501
64.9380466023398,0.152164485911283,0.142824317055646
64.9998111182041,0.152163925281815,0.133511202691174
65.0616097046818,0.152116653882668,0.124214106203049
65.1234435107389,0.152020655914091,0.114922595086165
65.1853136638822,0.151874065627305,0.105625021869647
65.2472212665615,0.151675170297932,0.0963085314524826
65.3091673923095,0.151422413290399,0.0869590564344397
65.3711530816398,0.151114397261773,0.0775613004143946
65.4331793377208,0.150750001128201,0.0681509309089072
65.4952471217869,0.150328730036828,0.0587618224102048
65.5573573482523,0.149850385264046,0.0493746239432688
65.6195108797148,0.149314949698005,0.0399693948170382
65.6817085219551,0.148722585627761,0.0305255729946995
65.743951018957,0.148073633072602,0.0210219366922959
65.8062390479777,0.147368608698376,0.0114365605977377
65.8685732146892,0.146608205374643,0.00174676819960746
65.9309540484184,0.145793292434929,-0.0080709181438903
65.9933819975098,0.144924916707123,-0.018040827502963
66.0558574248304,0.144004445392504,-0.028118799029466
66.1183806033265,0.14303398977485,-0.0382593242706728
66.1809517115224,0.142015978179445,-0.0484852079777196
66.2435708292458,0.140953010421982,-0.0588190091182233
66.3062379337333,0.139847854263347,-0.0692830040418939
66.368952896141,0.138703442815037,-0.0798991291906258
66.4317154784747,0.137522872896074,-0.0906888995047585
66.4945253309541,0.136309404335845,-0.10167329824841
66.5573819898254,0.135066460209901,-0.112872633591526
66.6202848756328,0.133797627982266,-0.124306356882029
66.6832332919523,0.132506700019388,-0.1359533671554
66.7462264243983,0.131197788171877,-0.147788814259085
66.8092633396029,0.129875202829435,-0.159824083125363
66.8723429845181,0.128543412454789,-0.172068038893545
66.9354641862453,0.127207042521332,-0.184526617579865
66.9986256524065,0.125870874458626,-0.1972023659812
67.0618259720528,0.124539844362861,-0.210093932205174
67.1250636171127,0.123219041188108,-0.223195510759006
67.1883369443761,0.121913704095409,-0.236496249318305
67.2516441980112,0.120629218596818,-0.249979628320564
67.3149835126025,0.119371106383712,-0.263599270125814
67.3783529164988,0.118145000476084,-0.277300890640241
67.4417503351358,0.116956642514943,-0.291045889685138
67.5051735946541,0.115811871201567,-0.304787888289145
67.5686204260072,0.114716603358228,-0.31847243146126
67.6320884695604,0.113676811261862,-0.332036857987427
67.6955752801672,0.112698495928346,-0.34541038369623
67.7590783327136,0.111787656115784,-0.358514444703276
67.822595028118,0.110950252945306,-0.37126334367988
67.886122699774,0.110192170194635,-0.383565234288651
67.9496586204155,0.109519154191343,-0.395331438060434
68.013200009204,0.108936726200805,-0.406471310915375
68.0767440387182,0.108450197171486,-0.416885603896971
68.1402878421276,0.108064635489401,-0.426476102950355
68.2038285207221,0.107784815288252,-0.435148126664646
68.267363151791,0.107615165003414,-0.442813159800406
68.3308887968395,0.107559717575626,-0.449391505044191
68.3944025101277,0.107622063777757,-0.454814819353222
68.4579013475181,0.107805310131652,-0.4590283947561
68.521382375617,0.108112042783226,-0.461993048758669
68.5848426811892,0.108544310384579,-0.463720360774896
68.6482793807156,0.109103660227736,-0.464237883795441
68.7116896298925,0.109791127500619,-0.463555353072298
68.7750706332519,0.110607223941655,-0.461698684888683
68.8384196540102,0.111551940692398,-0.458709030799224
68.9017340241357,0.112624758431089,-0.454641335071909
68.965011154627,0.113824664076145,-0.449562487342394
69.0282485459857,0.115150173111916,-0.443549182276342
69.0914437988731,0.116599356422982,-0.436685607354816
69.1545946249352,0.118169870426305,-0.429061078990142
69.2176988577813,0.119859035648921,-0.420804722705402
69.2807544640676,0.121664029687434,-0.41204117515501
69.3437595546339,0.123581814869692,-0.40285404784876
69.4067123957528,0.125609123650153,-0.393323966392552
69.4696114205196,0.127742482849274,-0.383527431549366
69.5324552403704,0.129978235321373,-0.373535947700071
69.5952426567199,0.13231255872791,-0.363415407055531
69.6579726727021,0.134741481235295,-0.353225708123086
69.720644505001,0.137260894080783,-0.34302058041709
69.7832575957533,0.139866561059761,-0.33284758388151
69.8458116245082,0.142554185245094,-0.322772361463114
69.9083065202662,0.145319604630331,-0.312850559736296
69.970742473664,0.148158630820762,-0.303106484236819
70.0331199492534,0.15106698684878,-0.293559846568359
70.0954396978246,0.154040300431272,-0.284226207431513
70.157702768752,0.157074095878239,-0.275117418755981
70.219910522342,0.160163784983916,-0.266242053933503
70.2820646421574,0.163304657224524,-0.257605818088171
70.3441671472952,0.166491869582577,-0.249211932896465
70.406220404586,0.169720436308423,-0.241061492517595
70.4682271406894,0.17298525667994,-0.233164242641939
70.5301904541175,0.176281222284596,-0.225526708831096
70.5921138272701,0.179603100252186,-0.218143033180496
70.6540011383689,0.182945486843632,-0.211006565435182
70.715856673192,0.18630279919522,-0.204110055971966
70.7776851365671,0.189669268686598,-0.197445822145636
70.8394916635838,0.19303893617603,-0.191005890691763
70.9012818304767,0.196405649337049,-0.184782118790417
70.9630616651374,0.199763062321839,-0.178766296230523
71.024837657202,0.203104637964132,-0.172950230982776
71.0866167676696,0.206423663806365,-0.167329379892562
71.1484064380305,0.209713293841381,-0.161898897901123
71.210214598913,0.212966526949455,-0.156650386215772
71.2720496781484,0.216176209409295,-0.151575723828476
71.3339206081672,0.219335051590064,-0.146667094007817
71.3958368326709,0.222435647987657,-0.14191700391592
71.4578083125258,0.225470500623478,-0.137318298400972
71.5198455308258,0.228432045774475,-0.13286416884335
71.5819594970719,0.231312683954747,-0.128548157807689
71.6441617504196,0.234104813010946,-0.124364160148094
