s,curvature,torsion
0,0.256673991907505,-0.10425622736841
0.0699198041982591,0.23751417098844,-0.127149994350374
0.139759550337497,0.218039712299052,-0.153094670316436
0.209542328814878,0.198438540898993,-0.183004029972775
0.279286859044065,0.178887869292425,-0.218132080734737
0.3490079035784,0.159554067131097,-0.260249740304082
0.418716720211675,0.140593179257661,-0.31194397614295
0.488421536849213,0.122151957018041,-0.377150239617194
0.558128035058383,0.104369317812604,-0.462157861613448
0.627839829512768,0.0873782694916288,-0.577648147664162
0.697558931975754,0.0713086351402652,-0.743198743210532
0.767286189020009,0.0563145905833742,-1.02220616014461
0.837021661751534,0.0426728241098339,-1.55888693032532
0.906764906701537,0.0308035627172418,-2.6420238199626
0.97651519396264,0.0214368278986537,-4.76604333655095
1.04627167938088,0.0159019195251521,-7.27236284349727
1.11603352595973,0.0152010350372491,-6.10410986880732
1.18579997243341,0.0175198911028926,-2.82982986954735
1.25557035150636,0.0203327641749374,-0.444795030530119
1.32534406555474,0.0226791599794083,1.295755977496
1.39512053364782,0.0248311062265477,2.75489025133663
1.46489913030633,0.0279277910750695,3.57677572477669
1.53467913668531,0.0331963999963167,3.45337700844985
1.60445971872548,0.0411207797827404,2.80867198001024
1.67423995338168,0.0514121255239836,2.13199670627041
1.74401890620492,0.0634469791065824,1.6122805481517
1.81379574545521,0.0765612345384604,1.25429267242558
1.88356986840927,0.090135415550504,1.01801973994955
1.95334100929877,0.103599635733669,0.867186498704174
2.02310929511813,0.116423996266157,0.777231864200632
2.09287521538859,0.128112069533585,0.733473214183985
2.16263947835953,0.138266213323288,0.726046069817885
2.23240282049528,0.146785631245766,0.746164913808118
2.3021659306732,0.153666789615389,0.789939061532303
2.37192939451502,0.158942421173087,0.856478878817048
2.4416935930948,0.162691573668909,0.946745773629916
2.51145856901467,0.165054492755896,1.062789494281
2.58122387899498,0.166253096319873,1.20689990064279
2.65098845508605,0.166617558766124,1.38023523107449
2.72075049971909,0.16661789197317,1.5804695760776
2.79050744308952,0.166895153584817,1.79824196169766
2.86025599577214,0.168268776096252,1.97776148823952
2.92999235472724,0.171526095285394,2.06112422260776
2.9997126204169,0.177086247003317,2.04316231323828
3.06941335588113,0.18490269469619,1.94172164404657
3.1390921926078,0.194501843515915,1.78959323431299
3.20874839723829,0.205102356580045,1.62070514065189
3.27838331023201,0.215752547211602,1.46094874523216
3.34800057064619,0.225440724067122,1.32647846515233
3.41760605136643,0.233167355372756,1.226506948974
3.48720744676002,0.237988902458317,1.16733772856621
3.55681348157904,0.239306056931812,1.15010178926353
3.62643281280687,0.237641057033104,1.16045098002049
3.6960729672023,0.233812170378124,1.18394869982637
3.76573958004803,0.228619085859553,1.2069279433728
3.83543596693781,0.222789284250521,1.21507758147883
3.9051630077184,0.21692505809962,1.19348422722532
3.97491929770564,0.2114570575127,1.1278669383331
4.04470150658944,0.206616509510245,1.00632360787866
4.11450488042208,0.202441061060459,0.820474215191974
4.18432382647617,0.198826510530978,0.565120266350554
4.2541525290078,0.195575264680922,0.280915347826584
4.32398543372565,0.192402511313541,0.0128374022502952
4.39381735461734,0.189204024589785,-0.238104715526337
4.46364340741631,0.186069211676261,-0.470819279075477
4.53345894024924,0.183224801685793,-0.682088641160982
4.6032595007517,0.180979433231407,-0.865737985731401
4.67304085899462,0.179666203046406,-1.01320089780907
4.74279909267303,0.17958300988862,-1.11557674327228
4.81253073005113,0.180935927760579,-1.16666000082726
4.88223293710993,0.183795590431431,-1.16559833265243
4.95190372962638,0.188070040123175,-1.11869698060448
5.02154221962656,0.193493020111473,-1.03723505259513
5.0911489198833,0.199674155888706,-0.933029585653645
5.16072601270991,0.206143047331832,-0.816494125143497
5.23027751586252,0.212384983145911,-0.69516301010499
5.29980931644065,0.217869817055602,-0.57334665905747
5.36932904957709,0.222073131660964,-0.452416669535926
5.4388458053154,0.224491377394306,-0.331212169111305
5.50836965586425,0.224653545426932,-0.20621004860548
5.57791100632537,0.222132069548653,-0.0711974426106357
5.64747978554292,0.216709190757942,0.068274432284022
5.71708454208744,0.208848153794337,0.206828423497237
5.78673164581136,0.199226787545751,0.351426433997659
5.85642475070222,0.188572611785632,0.506006009575059
5.92616453658747,0.177654337814855,0.670071168568263
5.9959487137186,0.167270681446522,0.835970330429443
6.06577226131298,0.158227236389076,0.985713715683114
6.13562786345762,0.15129099386753,1.09010387199234
6.20550650330963,0.147119497598682,1.11462754331155
6.27539817900543,0.146183460166827,1.03372597973575
6.34529270837668,0.148593429972932,0.874211125768883
6.41518050700688,0.153783815494736,0.692455391168166
6.48505311829664,0.161071201189974,0.516985040094843
6.55490355411549,0.169839328183699,0.36417281069524
6.62472652654856,0.179544786703449,0.240027230180766
6.69451857734008,0.189704477289347,0.144193438867321
6.76427810055162,0.19987801334875,0.0733449662404932
6.83400524818839,0.209652376333558,0.023291019705667
6.90370170499292,0.21863136762636,-0.00994682437709024
6.97337031727733,0.226429904572217,-0.0296794166876545
7.04301456831841,0.232744664412586,-0.0439211098464647
7.11263806693205,0.237568197992582,-0.0591642016565183
7.18224438202146,0.240965707518424,-0.0758185413098191
7.25183703565039,0.24300160278276,-0.0942998000063004
7.32141950925664,0.243739431448779,-0.115056952044691
7.39099526338652,0.243241938517204,-0.138597502565305
7.46056777677438,0.241571305082066,-0.165513604398335
7.53014060969555,0.238789642032292,-0.19651138964486
7.59971749575674,0.234959842907241,-0.232445371841862
7.66930246565697,0.230146935934286,-0.274359260239021
7.73889999806706,0.224456464895249,-0.320694293344961
7.80851500748818,0.218147828053351,-0.368738404166195
7.87815238809628,0.211527659738115,-0.417444716569049
7.94781646504939,0.20490972319457,-0.464909090756154
8.01751055176659,0.198609851566563,-0.508210687789692
8.0872366123963,0.192940114323616,-0.543368495206849
8.15699501937806,0.188202205591769,-0.565536569919419
8.22678439576065,0.184680503685547,-0.569551293167758
8.29660153278063,0.182635911117471,-0.55085266300899
8.36644137513519,0.182302218774926,-0.5066228088686
8.43629707555115,0.183801310469055,-0.444183687494004
8.50616026363454,0.186894271369216,-0.375911773203868
8.57602171568599,0.191249123397698,-0.307618457567526
8.64587211071713,0.196532385738555,-0.24348506131991
8.71570270616398,0.202412194752065,-0.186003304266409
8.78550592533415,0.208559401581887,-0.136264621113749
8.85527585194104,0.214647347562702,-0.0943703852658327
8.92500862487852,0.220351088890468,-0.059816547329351
8.99470272518215,0.225346701274195,-0.0317899850000748
9.06435914700339,0.229311080330033,-0.00936815014074559
9.13398144169497,0.231980155218271,0.00577679769168096
9.20357554255425,0.233325308059662,0.0118554779313114
9.27314927088347,0.233384077940549,0.00922501630223654
9.34271174088905,0.232202139774812,-0.00221869461958273
9.41227277726894,0.229833068596973,-0.0230043327627243
9.4818423559285,0.226338870614273,-0.0540910113206178
9.55143007369993,0.221791435037437,-0.0969102007036815
9.62104465249282,0.216275227120491,-0.153438205107158
9.69069348300306,0.209891733186266,-0.226288758729778
9.76038221298633,0.202766403021039,-0.318799086578155
9.8301143854974,0.195118978865249,-0.41599968864758
9.89989114609406,0.187434627106958,-0.496696480594962
9.96971108005423,0.180243056990206,-0.552965392711051
10.0395702099628,0.174032404960983,-0.57429493361835
10.109462132179,0.169228761777986,-0.549560353879648
10.1793782651751,0.166183952606347,-0.470203813805197
10.2493081863564,0.165180358790772,-0.33377831619301
10.3192400414484,0.166459717218196,-0.146428196405523
10.3891610218617,0.170275238023344,0.076778898394679
10.4590579205967,0.176955637597436,0.313738909128876
10.5289177969992,0.186779985139418,0.498833604749712
10.5987288036849,0.199401891243144,0.591677019370619
10.6684811347299,0.214250660886671,0.612798873360215
10.7381679310659,0.230645489533202,0.585439261818239
10.8077860590612,0.247788270531265,0.529244412190422
10.8773366939095,0.264783246440338,0.458022422328681
10.9468256209929,0.280665530013249,0.379990056572293
11.0162631603626,0.294430388898028,0.298937719177654
11.0856636239,0.305061488187413,0.21533869998513
11.1550442321964,0.31155863929785,0.126953573675105
11.2244234592559,0.313193438263523,0.0452144430426672
11.2938191027987,0.310210735622204,-0.0204741030521161
11.3632468274158,0.303132252658503,-0.0751412084170416
11.4327191693002,0.292505680206474,-0.121714113419579
11.5022448695783,0.278885170206518,-0.161659414251586
11.57182855852,0.262815007071313,-0.195216251951947
11.641470796624,0.244816160498354,-0.221328709399862
11.7111684582354,0.225375636434229,-0.237270786428031
11.7809154282986,0.204938649103306,-0.23784744424828
11.850703572833,0.183904061589899,-0.213886196862374
11.9205239255203,0.162612939885473,-0.174226149637165
11.9903677240003,0.141338467088369,-0.136422861359794
12.0602267353435,0.120357078328106,-0.100226910119109
12.1300933394442,0.0999619247632638,-0.0662848667095013
12.1999606583467,0.0804602804154919,-0.0375305678402772
12.2698227140471,0.0621719165729701,-0.0232533722036178
12.3396745847593,0.0454289801256852,-0.0524744128440732
12.4095125315717,0.0305811559395845,-0.226561831943325
12.4793340711602,0.0180288404277916,-0.991835150516515
12.5491379758166,0.00847302638014619,-5.1459267405626
12.6189241902636,0.00485697069455916,-12.5326367637402
12.6886936813529,0.00782143283170407,-1.94623920836303
12.7584482589543,0.0106440249094466,1.07498296252427
12.8281903612006,0.0122059222303087,2.69831724089195
12.8979228110946,0.0129648637769163,4.22662126918997
12.9676485639109,0.0139027915649416,5.43130996027052
13.0373704603779,0.0162371347084763,5.44946320852458
13.1070909963332,0.0207288500197739,4.42594694403918
13.1768121161578,0.0273876471137247,3.31890001081938
13.2465350348237,0.0359161283499068,2.52584419833181
13.3162600949443,0.0460432644125559,1.95890918453596
13.3859867387127,0.0574918800721186,1.52866633726031
13.4557137176257,0.0699166028499464,1.21410577739703
13.5254394056557,0.0829431734848382,0.986148885317478
13.5951621201181,0.0961891177044084,0.820656181572681
13.664880424647,0.109270631324626,0.700231191653446
13.7345933894882,0.121804618779629,0.613009431783843
13.8043007836629,0.1334094362407,0.551159795157354
13.8740031745729,0.143705735052881,0.50975322493752
13.9437019133551,0.152317982256371,0.486059518801524
14.0133989894764,0.158980594964871,0.4683566160572
14.08309676944,0.163841247082431,0.443508067571657
14.1527977107777,0.16713192745775,0.408289627155722
14.2225041087406,0.169062206724796,0.359510828950788
14.2922178837339,0.169820684714046,0.293822941059986
14.3619404149181,0.169579543575448,0.207598720787809
14.4316724228499,0.168503517325573,0.0968723666628547
14.5014139027722,0.166764845037174,-0.0425997860666733
14.5711641105805,0.164565993205201,-0.214989071017633
14.6409216056313,0.162171863204492,-0.423416356379366
14.7106843577446,0.159909877208441,-0.631281970611607
14.7804499121618,0.158036160886603,-0.797307463325869
14.850215576351,0.156761132205345,-0.915151432868645
14.9199786292211,0.156222380425418,-0.979740080283481
14.9897365529842,0.156438882128432,-0.98960162414789
15.059487269261,0.157287653910358,-0.9479072619245
15.1292293550795,0.158505735178789,-0.861546190516039
15.1989622121251,0.159713845818014,-0.738676658792252
15.2686861634415,0.160453369749834,-0.585843542046524
15.3384024557883,0.160228337560277,-0.405477423535232
15.4081131529882,0.158609353486645,-0.231126572260899
15.4778209189549,0.155471480299647,-0.0926192863719632
15.5475287348117,0.150832456465762,0.0155653409393046
15.6172396190796,0.144759093254489,0.0962186309126946
15.6869563810748,0.137339159649053,0.149256185687197
15.7566814193568,0.128661851362456,0.171185058170378
15.8264165708261,0.11880516362464,0.153678500052758
15.8961630120024,0.107830595969614,0.0802220823567948
15.9659212119011,0.0957888292011664,-0.0817611574960259
16.0356909357737,0.0827474262030584,-0.400395245527862
16.1054712991889,0.0688978825010755,-0.961122831247546
16.1752608380521,0.054789422056607,-1.95757931906988
16.2450575441761,0.0415694902920244,-3.9031382219799
16.3148589364152,0.0318696696209655,-7.10989945738716
16.3846621954417,0.0303782640741871,-7.96829816790573
16.4544643444887,0.0383477529791942,-4.88327957072943
16.5242624532849,0.0513830907740196,-2.5518466736947
16.594053840182,0.0661279447687074,-1.3832384544707
16.6638362464785,0.081058725522317,-0.781485403800576
16.7336079571728,0.0953893553185724,-0.440551707375385
16.8033678460272,0.108647734553466,-0.230565918449523
16.8731153806311,0.120653779650185,-0.0908910197767535
16.9428506791859,0.13132376293749,0.0105800180704017
17.0125745514799,0.14059970574689,0.0906349821956787
17.0822884787084,0.148439120979189,0.158947033417933
17.1519945361904,0.154811114305008,0.221683755481994
17.2216952658322,0.159695532189982,0.283258321031059
17.2913935059409,0.163083871699571,0.347272415112813
17.3610921867735,0.164981514575245,0.417093044863933
17.430794101013,0.165411301443206,0.49626614606079
17.5005016607096,0.164438554616186,0.577611820853751
17.5702166914137,0.16222209196824,0.652609867776512
17.6399403479074,0.158929202515451,0.722515141269674
17.7096731105041,0.154706180648329,0.788021073387396
17.7794148257517,0.149672331700078,0.849557242615996
17.8491647859012,0.143914668082332,0.907586855178547
17.9189218411126,0.137483546241277,0.962957892171151
17.9886845374125,0.130389636365641,1.01737185592373
18.0584512733384,0.122602722327597,1.07408369407443
18.1282204689989,0.11405294963405,1.13908371380176
18.1979907396808,0.104706828416211,1.23466257925753
18.2677609943051,0.0948106390441168,1.38255312366208
18.3375303576638,0.0847173948837965,1.59300924770367
18.4072980764572,0.0748206790433279,1.87621578490494
18.477063485434,0.0655513815808911,2.23415420617556
18.5468260210169,0.0573593436366729,2.64289657285266
18.6165852645122,0.0506559150466082,3.0284844070387
18.6863409964428,0.0456924104243083,3.26651870237784
18.7560932443349,0.0423982323812075,3.25103723267866
18.8258423084128,0.0402961291305665,2.99122474840307
18.8955887532367,0.0386540789479465,2.66405019219897
18.965333361695,0.0369246599923165,2.41430177554123
19.0350770634013,0.0348000505269204,2.27198070211585
19.1048208510245,0.0321374237465333,2.25405170825367
19.1745656940396,0.028913167764456,2.38947685954895
19.2443124573222,0.0251981125240598,2.74667344795003
19.3140618293351,0.0211670912872715,3.47989956852275
19.383814262427,0.0171763453053955,4.88985528540328
19.4535699260547,0.0139831186153037,7.16963048373284
19.5233286725481,0.0129770675684807,8.62251264263882
19.5930900153006,0.0152577510615488,6.86270751362391
19.6628531416025,0.0202183661096571,4.43037685211687
19.7326169974216,0.026617265536135,2.92326602393991
19.8023804049257,0.0336354780198669,2.08914750584756
19.872142182625,0.0407713366641574,1.61312532015168
19.9419012581415,0.0476598636496777,1.33177146894303
20.0116567639054,0.053995153368133,1.16670487910626
20.0814081064054,0.0595020500746395,1.08040479911543
20.1511550009119,0.0639279057036245,1.05647335743219
20.2208974658457,0.0670445487370281,1.09174658311779
20.2906357744639,0.0687508029685353,1.15813695977581
20.360370375453,0.0693300923196237,1.21440801052347
20.430101823934,0.0691112479010873,1.24556447766406
20.499830746045,0.0683474427428136,1.23615545592236
20.5695578348403,0.0671968010588134,1.17137398341112
20.6392838710198,0.065712021617129,1.03781772982483
20.7090097597024,0.0638461743776595,0.822034178582569
20.7787365742387,0.0614806666473663,0.505225407196194
20.8484656000785,0.0584817960334473,0.0531292840291426
20.9181983759595,0.0548007560935699,-0.598388679189939
20.9879367324414,0.0506546472022348,-1.45109515036667
21.0576827467769,0.0467317519327183,-2.44408453550721
21.1274384848987,0.0442326565085249,-3.40289289194521
21.1972056979406,0.0446541771733524,-3.86173037322188
21.2669855757179,0.0490509738382869,-3.52383117123551
21.3367785625462,0.0573821841200963,-2.7342288558118
21.4065842309873,0.0688279693695201,-1.95948903712216
21.476401203999,0.0824624492047495,-1.37095149375731
21.5462271118211,0.0975419030930438,-0.959051854816339
21.6160585667333,0.113509246601626,-0.67432617154427
21.6858911434788,0.129928887314683,-0.472011868484244
21.7557195171902,0.146411958725492,-0.322142765736222
21.82553801016,0.162598069338453,-0.206914472010762
21.895341243026,0.178146012442056,-0.114320632364275
21.9651246918374,0.192725840880656,-0.0360579691904911
22.0348851206523,0.206015327024419,0.0339077439294135
22.1046208691772,0.217699714409434,0.100306190786686
22.174331979195,0.227474277655091,0.167246652431411
22.2440201492021,0.235049602740964,0.238765302476998
22.3136885138736,0.240159859613104,0.319348207523914
22.3833412548986,0.24266153066199,0.398208275239207
22.4529830992467,0.24278654344575,0.463268951192407
22.522618860366,0.240844862956405,0.516241724487055
22.5922530948443,0.2371200159175,0.557323965446198
22.6618898740302,0.231856951313541,0.585593625724853
22.7315326680946,0.225251432611968,0.599207061499638
22.8011843330547,0.217441531354602,0.595440602896351
22.8708471862352,0.208502201848344,0.570539860322199
22.940523153307,0.19844427898714,0.519255069255214
23.0102139704306,0.187219737171568,0.433807472755803
23.0799214204739,0.17481082353019,0.328773495020646
23.1496474118451,0.1615003817714,0.221141046814557
23.2193936456014,0.147693730912094,0.103248214065446
23.2891612321603,0.133840900427267,-0.0332495341169567
23.3589504452471,0.120432504846196,-0.196526018207791
23.4287605979199,0.108000799830863,-0.391475415281058
23.4985900138883,0.0971224949308828,-0.612334639281798
23.5684360670282,0.0884143123150494,-0.830394972135734
23.6382952651366,0.0825045095084639,-0.984548505737693
23.7081633605112,0.0799666972049119,-0.996991230044343
23.778035481537,0.0810879381428992,-0.872165293143096
23.8479063261769,0.0854292207857352,-0.697223514463302
23.9177704555102,0.0923913402429973,-0.529832045584463
23.9876225911391,0.101414208410764,-0.401727620855601
24.057457882302,0.11198472638036,-0.320402681539883
24.1272721460222,0.123627617538326,-0.280908441318744
24.1970620739944,0.135894387498412,-0.274998568601224
24.2668253915415,0.148357219748287,-0.295483217156958
24.3365609487619,0.160608982235912,-0.337572124979385
24.4062687219479,0.172268883604346,-0.398934639665422
24.4759497079075,0.183039619807585,-0.45955342071781
24.545605783225,0.192836635111619,-0.504210953750955
24.6152396873827,0.201614367223629,-0.537879294811756
24.6848550316515,0.209312618382095,-0.564147794281078
24.7544562552337,0.215856329541777,-0.585794530325476
24.8240485222709,0.221156902054923,-0.605140937596196
24.8936375566393,0.225114606020693,-0.624296397953623
24.9632294122333,0.227621819405317,-0.645355589931075
25.0328301778937,0.228566989820906,-0.670592153957391
25.1024456182339,0.22783936363549,-0.702687720968628
25.172080755425,0.225431985967064,-0.734630698913361
25.2417394379678,0.221716068013125,-0.754153019178544
25.3114240347009,0.217103385114593,-0.755867064758989
25.3811353058458,0.211929101949805,-0.73368047308198
25.4508724222994,0.206441183451489,-0.681079414510476
25.5206331038431,0.200798315780977,-0.591367783429013
25.5904138464786,0.195080955956733,-0.457704515368202
25.6602102120779,0.189320335860092,-0.272859598551654
25.7300171605823,0.183550469022593,-0.0288898121927965
25.799829416029,0.177888913042996,0.282459353057522
25.8696418674822,0.172622471767582,0.613845563105997
25.9394498968443,0.168176358773069,0.903225541472013
26.0092494450515,0.165068527715118,1.13012061036394
26.0790370306093,0.163778536358197,1.27139735139785
26.1488098453298,0.164598572180562,1.31133948882195
26.2185659080576,0.167527393555388,1.25062038366687
26.2883042357707,0.172244249968933,1.10668028816332
26.358024981656,0.1781660083267,0.905062458827897
26.4277294864827,0.184553129401409,0.668691026242879
26.4974201929166,0.190622203956903,0.411348197359223
26.5671003855361,0.195727861628847,0.175764944739182
26.636773819777,0.199702971893056,-0.00784962127337822
26.7064444323144,0.20261039897081,-0.149459943267839
26.7761161120474,0.204593788050675,-0.255287304075711
26.8457924981647,0.205826933577662,-0.328722331349238
26.9154768193459,0.206478656787874,-0.371244836204792
26.9851717798085,0.206689000116079,-0.383187357953003
27.0548794894367,0.206555152196443,-0.364286543469815
27.124601429498,0.206126907821091,-0.31399126693559
27.194338442489,0.205412019451012,-0.231523233835324
27.2640907341651,0.204398330575125,-0.135276346281804
27.3338578724573,0.203103285364986,-0.0437304975583914
27.4036387739385,0.201576971695205,0.04385584834674
27.4734316982123,0.199893734743906,0.127948647505008
27.5432342639795,0.198147812947175,0.208659741471892
27.6130434917457,0.196449292325257,0.285687228842541
27.682855876561,0.194920062265163,0.358280399966851
27.7526674930537,0.193689487052625,0.425243083238305
27.8224741340273,0.192889585705022,0.484993535429256
27.8922714830362,0.192649650094085,0.535696100050295
27.9620553226136,0.193022045130932,0.560564308561763
28.0318218199294,0.193748455682575,0.546777076881923
28.1015679129527,0.194424360598071,0.4990753426135
28.1712916431576,0.194572979700498,0.42181258106821
28.2409923538641,0.193666285191449,0.317299002683642
28.3106707362983,0.191151822630076,0.184113185961382
28.3803287161272,0.186484428821698,0.0149547030696951
28.4499691864062,0.179166856438585,-0.207002626859603
28.5195956107764,0.16881206909484,-0.51539806538136
28.5892115432962,0.15525963035456,-0.975908008351244
28.6588201357426,0.139017738759245,-1.6402806560944
28.7284236852322,0.122145370586976,-2.53761305406684
28.7980233339467,0.107827068263101,-3.61808686942358
28.8676191692063,0.100032581923066,-4.43361726915027
28.9372107287263,0.101865709789561,-4.31573575918547
29.0067977772132,0.113045905501897,-3.39024300657711
29.07638118953,0.130282154206568,-2.35533738708604
29.1459637633381,0.149836240248774,-1.54609132148191
29.2155507871591,0.168765192201312,-0.964926882039115
29.2851502085344,0.184898301331862,-0.533741319769977
29.354772281304,0.196817305339292,-0.204853844095048
29.4244286311895,0.204404137976877,0.0595487451924034
29.494130901501,0.208049264465264,0.300093106932868
29.5638893083883,0.208352346450181,0.541384779820138
29.6337112823305,0.206109074651895,0.798772770186762
29.7036002963335,0.202328842357738,1.07893465943332
29.7735549575324,0.198262798120328,1.37576887188464
29.8435684187718,0.195411476607896,1.66340657884755
29.9136281496907,0.19546002808763,1.89298737167937
29.9837160935312,0.20008762285756,2.00561476410973
30.0538092394576,0.210512738016886,1.95039281678321
30.1238809237477,0.22667173795034,1.75248243419098
30.1939032316664,0.247568025377205,1.49024423782684
30.2638497550895,0.271733017267336,1.22527941098392
30.3336982063326,0.297525470282879,0.989171299630015
30.4034327006625,0.323292335124559,0.791126868656185
30.4730455245691,0.347423480718874,0.628955480746286
30.5425382102339,0.368359726548462,0.49625946378064
30.6119217552463,0.384593244571804,0.385808573113134
30.6812158640063,0.394676723871441,0.29063308944592
30.7504471459271,0.397536395289951,0.21312266858521
30.8196463426027,0.393382582414163,0.154212549855923
30.8888451449399,0.382839731332872,0.10767569141201
30.9580733123848,0.366623284611459,0.0696175955797143
31.0273563602194,0.345505791110809,0.037527676904793
31.0967139150242,0.32028491454077,0.0097855074744998
31.1661587805788,0.291755702175389,-0.0145688522488101
31.2356967079053,0.260689227943484,-0.0358615958787684
31.3053268240312,0.227818738876197,-0.0535609927585792
31.3750426451389,0.193833345281649,-0.0655638157605674
31.4448335685108,0.159399233511123,-0.0811436999004051
31.5146864390398,0.125236295466249,-0.123567706435185
31.5845866115367,0.0920796703590346,-0.232915539393829
31.6545188880078,0.0606789306087002,-0.559378982237612
31.7244685085255,0.0318774882956074,-2.05047276418692
31.7944220878006,0.00807739080292062,-29.7409347232186
31.8643683917428,0.017716292806187,-4.85776842292988
31.9342988692898,0.0346193638213049,-0.610750957053398
32.0042078829363,0.0466021535159471,0.249206932146472
32.0740926172874,0.0527425452940717,0.861647522442329
32.1439526868291,0.0528303200704284,1.63804088746625
32.2137894691003,0.0481116375760623,2.88538219299769
32.2836052483807,0.0410693992359972,5.13574886920325
32.3534024445592,0.0365229613722431,7.87714754786432
32.4231830714129,0.0411105046209938,7.2424638805194
32.4929484472485,0.0559085852965492,4.45590723619293
32.5626991319529,0.0767860330617642,2.65933157322956
32.6324350281635,0.100524326738179,1.74609761097847
32.7021555581345,0.125249780241658,1.27576606914803
32.7718598119275,0.149688748430617,1.02732371875963
32.8415465683549,0.172938536342296,0.88691757323964
32.9112143828166,0.19463471119128,0.79588716290212
32.9808621945048,0.214528102352796,0.734512367620593
33.0504900284719,0.232355449037175,0.693182851549848
33.1200994971987,0.247837033797184,0.667105749608718
33.1896940732409,0.260679828069096,0.654122321618752
33.2592791207338,0.270583986999758,0.653793570919959
33.3288616807546,0.27725186446857,0.667102409784806
33.398450015152,0.280399366732839,0.696552747388007
33.4680529254247,0.279770119774824,0.746651922768135
33.5376788772388,0.275312657954464,0.81735407360755
33.6073349974271,0.267657583804969,0.903540452517134
33.6770261695735,0.257609540722856,1.00386294971871
33.7467544703041,0.245968077146366,1.11578804358665
33.8165189865897,0.233505090186899,1.2345003376212
33.8863159833536,0.220933345654663,1.35184918973607
33.9561393698256,0.20886312914788,1.45581300170548
34.0259813994958,0.197747019094624,1.53123301545992
34.0958335309663,0.187819537575407,1.56236148146914
34.1656873750215,0.179047147140664,1.53667636095428
34.2355356483098,0.171127094121588,1.47748558475037
34.3053728679812,0.16366462211122,1.41760911403413
34.3751954294513,0.156318581048106,1.36263764565599
34.445001404305,0.148812081246339,1.31732703206088
34.5147902844784,0.140930001320222,1.28595482906921
34.5845627003076,0.132513975312915,1.27298280032956
34.6543201290246,0.12345680609266,1.28405913289438
34.7240646076932,0.11369804423894,1.32759252448899
34.7937984622019,0.103222673577809,1.4174918857321
34.8635240617652,0.0920660309107092,1.57842534671334
34.933243607032,0.0803908206281946,1.86063070145984
35.0029589751934,0.0687176764400977,2.32903836019448
35.0726716672401,0.0578323787975779,3.0447190184731
35.1423828453262,0.0488011702878943,3.98042256207298
35.2120934278993,0.0429016621258979,4.7814629654737
35.2818042151708,0.0410386550172201,4.79449162986108
35.351516016127,0.0428180317527221,3.95215394270508
35.4212297489471,0.0466385043670809,2.88367917099425
35.4909464899119,0.0507378629508501,1.99216528948763
35.5606674516513,0.0537580751271804,1.31599709283244
35.6303938807901,0.0548473066689564,0.837860390102514
35.7001269003011,0.0539060831004823,0.508668227603953
35.7698673703176,0.0511613874691399,0.245087505229352
35.8396157855234,0.0469508112333835,-0.00810646434309273
35.9093722132544,0.041675683780434,-0.30081130750711
35.9791362810571,0.03578765535327,-0.693811457836256
36.0489072140109,0.0297974803308167,-1.26867481633409
36.1186839152939,0.0243035852139969,-2.09927884261278
36.1884650790339,0.020015213996246,-3.06271616484574
36.258249322431,0.0176325315524568,-3.47030283598077
36.328035323469,0.0173130251427261,-2.8087744211914
36.3978219289755,0.0182634556937409,-1.79032039823909
36.4676081831813,0.0196032260900481,-0.983991788620111
36.5373933106682,0.0207116318943497,-0.48852933024193
36.6071766803577,0.0211558136536986,-0.240375693438827
36.6769577536584,0.0205874407390581,-0.18798612735425
36.7467360185697,0.0186894047380513,-0.356934165891378
36.8165109129699,0.0151699867196324,-1.01140880303554
36.886281743558,0.00986352140130237,-3.96159309973263
36.9560476119653,0.00442194654073112,-28.4088271241282
37.0258073672409,0.0107736164424648,-5.86390542151423
37.0955596315226,0.0229590280835512,-1.3534696306516
37.1653029537577,0.0368538266758509,-0.468830596598967
37.2350360508121,0.0515125210364717,-0.16037482612918
37.3047580828548,0.0661959835186179,-0.0106883840191706
37.3744689179196,0.0802006948442112,0.0839939378269546
37.4441693359719,0.0928354346611332,0.160624211557451
37.5138611231719,0.103418821312405,0.237623032648279
37.5835470132335,0.111284131493266,0.329060925637925
37.6532304449066,0.115790642812553,0.451671223361757
37.7229151241108,0.116563170260565,0.612581636888243
37.792604450525,0.114166398282939,0.81401738124582
37.8623010034127,0.109459476214227,1.07015903134483
37.9320061928162,0.10340275247881,1.38920436097853
38.0017200915317,0.0970824573985614,1.75987660482072
38.0714414517205,0.09170169227143,2.12764386557105
38.1411678935046,0.088473615988447,2.37942850008361
38.2108962404584,0.0883648249794181,2.38586164082807
38.2806229694583,0.0917868523796974,2.1048054076326
38.3503447397843,0.0985048843114032,1.62274468874738
38.4200589640587,0.107797835782237,1.13674455978263
38.4897642774687,0.11865864334386,0.77619133777714
38.5594606758918,0.13031355235936,0.535740010194792
38.6291494640564,0.142224435189619,0.390822680347173
38.6988331223377,0.153989619225808,0.31775619242383
38.7685150945949,0.165284850066892,0.298764897783787
38.8381994909598,0.175836779842817,0.321967037387993
38.9078906986363,0.185418551829547,0.380234608799913
38.9775928961917,0.193860744379815,0.470055225211524
39.0473094724497,0.201074686185357,0.590559717490301
39.1170423672944,0.207150165876074,0.705744874962238
39.1867915488384,0.212505656942722,0.781211489294892
39.2565550055606,0.217563678908372,0.818153854254381
39.3263290284181,0.222635584008684,0.81719202414769
39.3961085965818,0.227899039385412,0.77975304153985
39.4658878334494,0.23339230034479,0.7084995088965
39.5356604993743,0.239025680022064,0.606958831714233
39.605420484606,0.244608132946783,0.478677328954378
39.6751622674328,0.249885375629205,0.326286595528583
39.7448813084066,0.254586373705396,0.150781927532759
39.8145743615128,0.258468375269317,-0.0177411175457945
39.8842396877168,0.261340930228661,-0.152530177900166
39.9538771605884,0.263082413812091,-0.258380030243419
40.023488292318,0.263603951574103,-0.339069001059167
40.0930762048008,0.262815451506094,-0.39747999398607
40.1626455528463,0.260602974873122,-0.435781259049064
40.232202398467,0.256814931035575,-0.455545645110469
40.3017540308791,0.251255295295597,-0.457746457928776
40.371308725993,0.243682461420481,-0.442575875104226
40.4408754417718,0.233812604736274,-0.408990436256095
40.510463445345,0.221487785931482,-0.368187423048432
40.5800817388694,0.207183974774209,-0.329051537649787
40.6497381821877,0.19155351210135,-0.285073480000442
40.7194387377658,0.175257144017652,-0.228144162967195
40.7891870047894,0.158957585217961,-0.147610517878342
40.8589840047145,0.143320579392708,-0.0299006668983849
40.9288281671303,0.129026720098682,0.139844967604101
40.998715464978,0.116797676551035,0.371068973239443
41.0686396546821,0.107435318873662,0.652193870767572
41.138592589404,0.101853533051093,0.929307185405101
41.2085645935509,0.10084940784817,1.07797319401018
41.2785449311887,0.104330644813777,1.029311360391
41.3485223732928,0.111751131568095,0.835650508613929
41.4184857546942,0.122358899064403,0.579970511999134
41.4884244877393,0.135332369937555,0.323208568735389
41.5583290288777,0.149885131688948,0.092110085572171
41.6281912807175,0.165311571223575,-0.109487010394057
41.6980049025706,0.180998179888746,-0.288072462447815
41.767765498836,0.196427067118864,-0.453220622264932
41.8374706568514,0.211186027059892,-0.614525922823542
41.9071198210308,0.225035687175321,-0.74462102794208
41.9767141733624,0.237988037353743,-0.821970465996554
42.046256841251,0.250016760111144,-0.860205462433753
42.115753202212,0.260965779069399,-0.869672338627724
42.1852110917772,0.270544109621852,-0.858775901112262
42.2546408602287,0.278336798026728,-0.834532017989388
42.3240552252269,0.283825465880822,-0.802826449855897
42.3934688701374,0.286413491318754,-0.768643576835804
42.46289774865,0.285452071569201,-0.736400339917414
42.5323580750512,0.280264386651139,-0.710492117119362
42.6018650066851,0.270445500451952,-0.702908079774902
42.6714311161696,0.256726809661751,-0.717963765131613
42.7410650488754,0.240145144923305,-0.750037725578977
42.8107707228644,0.221734298938793,-0.793018314843114
42.8805471000199,0.202494697491132,-0.837766260477239
42.9503884619384,0.183362806050556,-0.868914511251022
43.0202850971153,0.16517738371481,-0.861132852253802
43.0902242941448,0.148645198083991,-0.776220378297497
43.1601915375538,0.134323452439689,-0.564358758011246
43.2301718175206,0.122661495375639,-0.174989952186052
43.3001509807032,0.113976224425091,0.34001902785277
43.3701168202771,0.108145112565114,0.859093604458122
43.4400594163758,0.105235883087018,1.30106539322621
43.509971117187,0.105510120098971,1.58420528575959
43.57984646836,0.109144379961372,1.66644657905929
43.649682133995,0.116003560709627,1.57303721371442
43.7194768152399,0.125588259884201,1.37521876938991
43.7892311508015,0.137138320476634,1.14412744030298
43.8589475671953,0.149776583070942,0.924654573949554
43.9286300353778,0.162610361201105,0.735794895656432
43.9982836902863,0.174884887545302,0.585148649458207
44.0679144152988,0.186317811371351,0.467784235863215
44.1375286524088,0.196781779324073,0.373747568177995
44.2071332834782,0.20618462174651,0.296151358326208
44.2767354611144,0.214459499612211,0.230136897744457
44.3463423891914,0.221559215636958,0.172181471046504
44.4159610588759,0.227453012670154,0.119640665212753
44.4855979464631,0.232124892782904,0.0704423456360361
44.5552586797301,0.235572904054319,0.0228766661897163
44.6249476798563,0.237809095094825,-0.0245536575467342
44.6946677895337,0.238887473510458,-0.0698927434640009
44.76441998075,0.238983379255391,-0.110964055053541
44.8342033076547,0.238302940203401,-0.14847340657436
44.9040150083949,0.237051112086383,-0.182709025121466
44.9738506823031,0.235428236758193,-0.21360935189956
45.0437045395751,0.233626778174533,-0.240814022237804
45.1135697218733,0.231828166547904,-0.263713827430057
45.1834386908897,0.230199773993523,-0.281511231878373
45.2533036809587,0.228892148104287,-0.293298293299705
45.323157211259,0.228036733496303,-0.298152833352721
45.3929926499579,0.227681427854723,-0.290066986406121
45.4628047434313,0.227599813375944,-0.264476850871313
45.5325899286081,0.227480333351939,-0.222640000794341
45.6023464750241,0.226996022009466,-0.165381080345402
45.6720745124953,0.225814057054102,-0.0926307556842853
45.7417759442947,0.223607347096694,-0.00294841744568806
45.8114542470086,0.220068684509439,0.107056566747976
45.8811141640609,0.214929089906726,0.243547195138467
45.9507613074539,0.207983754106027,0.416728303903942
46.0204016915076,0.199132178049687,0.642801647374255
46.0900412323277,0.188569088010314,0.904846117939146
46.1596852503338,0.177163240521201,1.16865196209114
46.2293380807024,0.165943285989805,1.41936618640344
46.2990029317853,0.155855183038209,1.62526670722185
46.3686819770351,0.147614879952152,1.74195400492845
46.4383766006205,0.141541113009496,1.72812707529477
46.5080877074679,0.137441923364045,1.5655996665865
46.5778160106811,0.134637382532574,1.2647517242774
46.6475622217064,0.132133748652555,0.847080401618283
46.7173270911721,0.128886905342012,0.317933965902983
46.7871112788548,0.124202575435717,-0.268339853140253
46.8569150287791,0.11832438780418,-0.867791607985596
46.9267376821278,0.112185916033472,-1.49439405329031
46.9965772540158,0.107226878673973,-2.10001085287725
47.0664301921215,0.105193587660243,-2.5450119969502
47.1362913374108,0.107658701067558,-2.65991214055713
47.2061540764414,0.115377719189088,-2.41001499750608
47.276010652486,0.128020341460426,-1.94148547900826
47.3458525864557,0.144522274712504,-1.43157158129137
47.4156711481861,0.163620719715336,-0.976577091769527
47.4854578227927,0.184132383603545,-0.628959057091714
47.5552049278163,0.204957398913567,-0.393647217218382
47.6249066525606,0.225187976508856,-0.237163740697842
47.694560080929,0.244043896053146,-0.134596646448529
47.7641659201541,0.260803433300922,-0.069092019626156
47.833728878706,0.274768899074388,-0.0297004471701508
47.9032576515922,0.285253297484066,-0.00956824034692232
47.9727644837908,0.291579458309468,-0.00476841471404095
48.0422643020048,0.29308603992558,-0.0137205007836881
48.1117734311703,0.289136422256823,-0.0371942546499499
48.1813079459135,0.279371237641563,-0.0720119609313608
48.2508818124027,0.264440277225608,-0.116166740270163
48.3205052576501,0.245258132329238,-0.175752614782477
48.3901837088462,0.222749481935441,-0.260169789689249
48.4599173492303,0.197846079156098,-0.384952137598662
48.529701258702,0.171497546291687,-0.577062226162491
48.5995260731638,0.144706551287056,-0.884943141559144
48.6693790727385,0.118610002141703,-1.39588707421766
48.7392455948554,0.0946502359611002,-2.25133598933708
48.8091106625357,0.0748851223399307,-3.56257182846438
48.8789607083389,0.0620920953885288,-4.91683268656047
48.9487850022466,0.0583218976100437,-5.06105328197309
49.0185762147117,0.0625376132304269,-3.80943760782771
49.0883305024746,0.0709991731460148,-2.4058005010205
49.158047383239,0.0803127622532848,-1.39499154497571
49.2277294037368,0.0884031745069751,-0.714518346288491
49.2973816030614,0.0940767673779752,-0.21886057822568
49.3670107845773,0.0966146446185771,0.205221521229817
49.4366246236593,0.0955951567743465,0.653413114646221
49.506230654705,0.0908835720038638,1.2413766985405
49.5758352067372,0.0829938503421519,2.06679688482597
49.6454425714767,0.0739331539079459,3.17113590809445
49.7150548637294,0.066741073208086,4.38065807995421
49.7846723661579,0.0648593645425515,4.93256790413317
49.8542941348522,0.0701082791268977,4.2782446959572
49.9239187701614,0.0811122764591378,3.09124678366283
49.9935452392896,0.094869664288298,2.07494750482827
50.0631736265087,0.108631028799389,1.3594929426387
50.1328056908348,0.120284456362075,0.860780728898493
50.2024451297924,0.128168988430144,0.482857601804116
50.2720974779738,0.131163265717757,0.212698029741555
50.341769545143,0.129400841169401,0.0473532239791315
50.4114684221936,0.123421704858969,-0.0473519861644288
50.481200454188,0.113819778402832,-0.077531657223016
50.5509703830451,0.101194196941868,-0.0236161116579832
50.6207807036166,0.0861342315619218,0.177912659794708
50.6906312427431,0.0692567962911598,0.704030276310971
50.7605189507176,0.0514176443829164,2.10677927483192
50.8304378842663,0.0347405344501678,6.20213862398189
50.9003793597174,0.0270458327102235,11.8308772645307
50.970332266966,0.0385307860065031,5.83959069635188
51.0402836103078,0.0608378751858681,2.10252869631905
51.1102193634663,0.0869395390490832,0.852899246681005
51.180125488303,0.114617819137652,0.388486143171112
51.2499889952388,0.142775416266497,0.205228426618191
51.3197989652973,0.170560693404145,0.141354771172016
51.389547439147,0.197175662231996,0.136664773330902
51.4592300703648,0.221830781846476,0.166813334366171
51.5288464415111,0.243742561518167,0.222430242510089
51.5983999532046,0.262150658845966,0.301738175151664
51.6678972254202,0.27652206995347,0.383212674552747
51.7373471637141,0.287071960116653,0.449139255865066
51.8067601498619,0.294197734369512,0.504282017089592
51.8761473741915,0.29828840144676,0.550847491022708
51.9455202498373,0.299713515186698,0.589568884976596
52.0148899412614,0.298811802666761,0.620251016017132
52.0842670269765,0.295879710347855,0.642068068055426
52.1536613013474,0.291160564312977,0.653734775088028
52.2230817084737,0.284835265182223,0.653593380837588
52.2925363926159,0.277015540208722,0.63961360810003
52.3620328342763,0.267807969766935,0.618931067191412
52.4315778042616,0.257542539333948,0.5973689857306
52.5011767801568,0.246612502690339,0.570196808793988
52.5708333005302,0.23540324041672,0.531977815484926
52.6405485096018,0.224284841933918,0.47647174795634
52.7103208792173,0.213610222344592,0.396780815032922
52.7801460827469,0.203721047395209,0.285896772668028
52.8500169971462,0.194964174471933,0.137878632237834
52.9199238143588,0.187720756564055,-0.0500526837172053
52.989854251445,0.182447423278875,-0.274308116816887
53.0597938661455,0.179603940521894,-0.481520407706705
53.1297266301707,0.179270137933492,-0.614132863156889
53.199635939832,0.181353573158678,-0.663443481010615
53.2695057475752,0.185614474526637,-0.632944642261564
53.3393216438469,0.191640058775643,-0.535589782478492
53.4090718627517,0.198874429538943,-0.387746506238477
53.4787481808667,0.206682586816007,-0.203368496815502
53.5483466758756,0.214427006190936,0.00926160314476804
53.6178683169814,0.221547029159096,0.248131346866512
53.6873193727457,0.227644090051824,0.516366297998039
53.7567116289287,0.23268598605228,0.760947519210021
53.8260620784436,0.237284193501222,0.926822192454232
53.8953916165059,0.242103909588261,1.01328158811154
53.9647235043849,0.247582467967682,1.02053349950945
54.0340819846486,0.253840432125269,0.953834237712263
54.1034909955778,0.260673287586141,0.823539465649272
54.1729728957786,0.267618459020894,0.641893079446434
54.2425471066944,0.274075049922869,0.41891342286646
54.3122285946749,0.279450924087022,0.159427990015005
54.3820261448896,0.28332428982938,-0.137959095949505
54.4519404515386,0.285703323939316,-0.430891562207212
54.5219627422513,0.287330311827238,-0.677546995153744
54.5920751712331,0.289240977450444,-0.877996134200196
54.6622521454587,0.292498469982806,-1.02629959974315
54.732462000185,0.2980334408414,-1.11509821028442
54.802668992528,0.306504300657498,-1.14082014248456
54.872835569168,0.318201690459532,-1.10712448000992
54.9429248347869,0.333018822053062,-1.02466902210552
55.0129031253759,0.350487090584914,-0.907689414751085
55.0827425737326,0.369852980425403,-0.769821281207483
55.1524235318682,0.390166061238975,-0.635200289271767
55.2219364487842,0.410412461389033,-0.520599811428372
55.2912826434599,0.429640514997846,-0.424674541269858
55.3604743174287,0.446965121891843,-0.345054770863252
55.4295340301552,0.461561702502633,-0.279175137449407
55.4984936179169,0.472669030092213,-0.224653256180767
55.5673925440131,0.479599474789076,-0.1794219955622
55.6362756923341,0.48175325816384,-0.141740913677787
55.7051906452517,0.478632415085549,-0.110154343272947
55.774184517853,0.469850119218597,-0.0834279048600069
55.8433004544364,0.455400629630494,-0.0612339280751473
55.9125740753052,0.436441542280067,-0.0430312601764712
55.9820306337611,0.414431773364498,-0.0278577321524963
56.0516833273593,0.390821308289179,-0.0152617288009214
56.1215327164971,0.367026383990344,-0.00524432903306411
56.1915671262312,0.344419061863962,0.00174630253373492
56.2617638814251,0.324326391761477,0.00484586835493191
56.3320912233161,0.308030498403983,0.00294739771469076
56.4025107754769,0.296759711384891,-0.00485598798226948
56.4729804650252,0.291665796474239,-0.0185662257150475
56.543457837344,0.293464464775375,-0.0353035763233138
56.6139032268857,0.30146867729161,-0.0518407178942919
56.6842816577109,0.314662918729544,-0.0671062199663261
56.7545639262205,0.332060429875363,-0.0808061243083513
56.824727348885,0.35270762742751,-0.0932325200656634
56.8947562112618,0.375678791103083,-0.104994344022939
56.9646418932465,0.400068391614279,-0.116816915362692
57.0343826140571,0.424987851344593,-0.129442579311511
57.1039827206168,0.449571075616657,-0.143609456601975
57.1734514352979,0.472990780857254,-0.160077334260889
57.2428010198452,0.494556095418563,-0.176014627252081
57.3120452150808,0.513899730420881,-0.188892817200774
57.3811995134023,0.530685468605351,-0.199800788302479
57.4502819688219,0.544529905259028,-0.20967754450947
57.5193136435891,0.55501285947656,-0.219394693767938
57.5883186245689,0.561692162369622,-0.229832956248373
57.6573235885398,0.564121251469158,-0.241966841947054
57.7263569113404,0.561867726455056,-0.256974692966029
57.7954473364453,0.554530796222567,-0.276400383881354
57.864622243281,0.541755566120494,-0.302413057119297
57.9339055802816,0.523472675838647,-0.331948259369501
58.0033155500156,0.500573398585683,-0.359538435176748
58.0728625097177,0.474163999285236,-0.383873942610264
58.1425477825829,0.445288199576738,-0.402643282256678
58.2123634927185,0.414890712956082,-0.412123660041082
58.2822933062698,0.383790554963588,-0.40658738331453
58.3523139310881,0.352664208243488,-0.37747016291229
58.4223972200441,0.322039857683025,-0.312214454039244
58.4925127306284,0.292308031138562,-0.192648387087315
58.5626306126544,0.263762336768958,0.00724697405802987
58.6327246916074,0.236644414798468,0.277371750885806
58.7027748618173,0.211163258211326,0.59000320048865
58.7727674077022,0.18776082375481,0.947087940630344
58.842694500171,0.167129064160054,1.33315156510907
58.9125536712152,0.150101372049062,1.69741661235493
58.982347272618,0.137427109901577,1.94502926225529
59.0520818707833,0.129422282066255,1.96940452972751
59.1217675189943,0.125657287640605,1.72501474298549
59.1914168489514,0.124958847592007,1.26003004223104
59.2610439354334,0.125791600488754,0.660329805601219
59.3306629224656,0.126885812279063,0.0681756946904809
59.4002867083727,0.127971307967671,-0.420621286697991
59.4699262454949,0.129431170716035,-0.803062132152356
59.5395901542156,0.131920705341334,-1.06417542226251
59.6092844461139,0.136113552415728,-1.18682503996641
59.6790123707705,0.142495760964103,-1.16875501726251
59.7487743836376,0.151249449159507,-1.03135973280051
59.8185682127852,0.162255916760501,-0.812239708401026
59.8883889911749,0.175194963560657,-0.549674532329867
59.9582294182796,0.189681394783736,-0.271844606784099
60.0280799320178,0.205328556968488,-0.0337958861106115
60.0979291621092,0.221636514904578,0.133911018158002
60.1677650846755,0.238140160618433,0.248796514581224
60.2375763420757,0.254400879314139,0.325737366963327
60.3073534000508,0.269965220753558,0.376431850501458
60.3770894970555,0.284345739143489,0.409825797384334
60.4467813452918,0.297015733860428,0.432761962506418
60.5164295405631,0.307412735398872,0.450625971011039
60.5860386411413,0.314947706685893,0.467951673843063
60.6556168848679,0.319018144521788,0.489028360505697
60.7251755261855,0.319194383525655,0.506230523569019
60.7947277572747,0.315722959755691,0.507680861551156
60.8642873440924,0.308974949955938,0.490344765852103
60.9338673669195,0.299260839471034,0.449441121676493
61.003479192023,0.286826789948525,0.377794592410234
61.0731316703518,0.271861956495556,0.264457301755183
61.1428305511559,0.254524909049969,0.0920651733940755
61.2125781023937,0.23500417498973,-0.168025399139584
61.2823729422297,0.213644101830244,-0.564064813319283
61.3522101069404,0.191203597018009,-1.17468528163411
61.4220814056967,0.169410945583152,-1.99069374372001
61.4919760453712,0.151399892474717,-2.85524383110239
61.5618814607296,0.140801775518253,-3.45937160674971
61.63178449762,0.139976400331686,-3.42438006176053
61.7016728424553,0.148119715262897,-2.79916833874903
61.771536412114,0.161608645704835,-1.9849208493329
61.841368401099,0.176078533389074,-1.24457998016935
61.9111657123557,0.187760007682303,-0.617505827772635
61.9809285713422,0.193751488742789,-0.0382654539759473
62.0506592416012,0.192012314089839,0.608612088312884
62.1203599356517,0.182108677770287,1.37456911982109
62.1900305257093,0.167093370337915,2.27990692130827
62.2596673047233,0.151904837912826,3.32286223573276
62.3292631143732,0.142528663640991,4.17086273804992
62.3988086250877,0.14399480345392,4.24087033327547
62.4682944676746,0.156951854813641,3.50829355336879
62.5377137646576,0.177287289764106,2.55672638856243
62.6070645270432,0.199269857846155,1.76153677553446
62.6763513767274,0.217721901185756,1.17021493442741
62.7455861287101,0.228364975430876,0.715837588705027
62.8147869204636,0.22832607793892,0.377778418783481
62.8839757708643,0.218166905692782,0.129302735661261
62.9531752241341,0.199630281329201,-0.0922938315006602
63.0224054576183,0.174717572705892,-0.33533001132768
63.0916824206336,0.145581271513302,-0.660073608040229
63.1610170654651,0.114502716960945,-1.17658161566198
63.2304155440019,0.0839796902640756,-2.13211349378649
63.2998801209384,0.0570642619568467,-4.08575674456843
63.3694104888617,0.0381693211292317,-7.34224088291194
63.4390051599091,0.0317588995837691,-7.60110134632039
63.5086626399582,0.0332827807471096,-4.56210470271592
63.5783819334728,0.0340570939360474,-2.88967995440947
63.6481619487869,0.0305209926718337,-2.66066228220129
63.7180003992126,0.022367099232264,-4.68426683961239
63.7878926575878,0.0141430547938998,-14.2419034813739
63.8578307347308,0.0239143612908855,-6.8025377626784
63.927802511082,0.0481944739099075,-2.30747669903257
63.9977913228731,0.0793227389529357,-1.13535634143644
64.0677759794615,0.115884149645963,-0.679539057348188
64.1377312675955,0.157409180351914,-0.451260739394029
64.2076289978641,0.203433062757306,-0.306674116392339
64.2774400040891,0.252727347064279,-0.200242293263033
64.3471375628662,0.303823323799673,-0.118285787420683
64.4167012056052,0.355182046894617,-0.0511158258728722
64.4861201397862,0.405171309048129,0.00804051830328353
64.5553958724746,0.452059969363955,0.0642449092492416
64.6245436349189,0.49404107606049,0.121769636968615
64.6935922315383,0.529290799180468,0.184841255964332
64.7625820064651,0.556063926548464,0.258383602880162
64.8315607428413,0.572819448521544,0.348972934370693
64.900577524917,0.578791702630961,0.445043693189615
64.9696759320704,0.57526122414993,0.53291126794078
65.0388895731356,0.564027276903066,0.615755603527144
65.1082397580884,0.546845535867093,0.694582676837744
65.1777346381678,0.525324767915939,0.768746381030879
65.2473697480004,0.500834404740874,0.836182894504316
65.3171297965141,0.474425890139917,0.893598540555896
65.3869914771539,0.446769219244432,0.936743181058529
65.456927034189,0.418107524596438,0.960775685546296
65.5269083231106,0.388236039525361,0.960528613583957
65.5969110723648,0.356704829936747,0.960190022098464
65.6669177033085,0.323647380610217,0.989452142672802
65.736916476368,0.289581381000641,1.05221021507188
65.8068996415934,0.255214574326367,1.15387347753337
65.8768621147846,0.221393084257211,1.30052306669861
65.9468006515455,0.189053299932017,1.49571085561474
66.0167133919938,0.159160813504837,1.73184818381348
66.0865996266387,0.132607566204206,1.97177149787086
66.1564596289104,0.110029047586465,2.12024483587807
66.2262944124672,0.091537325962637,2.00266541345604
66.296105312274,0.0763968295261956,1.54958561700855
66.3658935782718,0.0630879533353779,0.823452708719073
66.4356603687727,0.0505092392241131,-0.320776873115508
66.5054068008738,0.0385261147612826,-2.37288656970191
66.5751339220061,0.0288031800324305,-6.13738262416227
66.6448426796543,0.0262269954918554,-8.38083507622066
66.7145339340117,0.0340072013996015,-4.97799238461421
66.7842085229402,0.0478430479133408,-2.29892700194441
66.8538673606103,0.0637647002134137,-1.09492248690349
66.9235115306272,0.0798699953035781,-0.54480724833965
66.9931423249368,0.0951350528673329,-0.267114619069451
67.0627612664165,0.109245548832717,-0.10837659663295
67.1323702534977,0.122084541912571,-0.00862146764381796
67.2019717144441,0.133565322568207,0.0591380967547454
67.2715686917197,0.143614119193839,0.108515040608477
67.3411648559943,0.152163354554258,0.147069483747885
67.4107644534699,0.159149052608435,0.17940237992037
67.4803721910355,0.164510083289201,0.208609880209857
67.5499930647145,0.168188293167094,0.237045484971553
67.6196321379375,0.170129095967527,0.266780040448755
67.6892942752981,0.170366093163514,0.299075739862316
67.7589837973217,0.169273106297878,0.33290759799254
67.828704041678,0.1673118634147,0.366304604878762
67.8984569867965,0.164945317827118,0.396307554256195
67.9682430045919,0.162633758968336,0.418870523672248
68.0380607416599,0.160830002972603,0.429052140768728
68.1079071230419,0.159973914277254,0.421664372855576
68.1777774720304,0.160487126829108,0.392431502543953
68.2476657412274,0.162769570394947,0.339438524887404
68.3175648541247,0.167199732356283,0.264326832765222
68.3874671616566,0.174004106260564,0.179574251973669
68.4573649860229,0.18286295796096,0.0996835484310678
68.5272511300397,0.193331113407037,0.029284140005433
68.5971192986886,0.20497549086039,-0.0302899464906776
68.6669644354092,0.217373122493445,-0.0798062170851458
68.7367829608308,0.230108643531277,-0.121094868188737
68.8065728951521,0.242772644024996,-0.156368462119796
68.876333841847,0.254961622206127,-0.187869035276779
68.9460668090785,0.266279845220367,-0.21774366104754
69.0157738461983,0.276343196390947,-0.248060699005687
69.0854574887737,0.284801109532583,-0.275170359446291
69.1551203200395,0.291374269575269,-0.295922319910171
69.2247651714316,0.295779291024211,-0.312804620225314
69.2943954693457,0.297710473405654,-0.328055661429378
69.3640154106171,0.296843737107536,-0.343902563785275
69.4336299576228,0.292841805198971,-0.362858109072308
69.5032446660823,0.285360111556262,-0.388168475526395
69.5728653704771,0.274053247680197,-0.424597116535692
69.6424977661564,0.258582407234684,-0.479966541231366
69.7121469435144,0.238625806040507,-0.568526037128097
69.7818169380857,0.214137892581209,-0.712238443319538
69.8515101693792,0.186102048641345,-0.944044511685106
69.921226667057,0.155858450717235,-1.33363336911753
69.9909637161844,0.124986501758071,-2.02958739264782
70.0607161095975,0.0956428429716776,-3.3446277350571
70.1304768633024,0.0714304795895238,-5.69614316913762
70.2002382168745,0.0585361027232621,-7.9188761646002
70.2699927318926,0.0615484705895842,-6.56132660685568
70.3397343058481,0.0749867036578639,-3.96707899025169
70.4094589363823,0.0905258161992234,-2.39122565612272
70.4791651019839,0.10361338915338,-1.59544449525617
70.5488536984803,0.112957133783706,-1.18048928870842
70.6185276409375,0.11841009128564,-0.94092573867975
70.6881912998665,0.120148727738583,-0.786812546454476
70.7578498806358,0.118475561858809,-0.67263204667269
70.8275088245457,0.113742608064745,-0.569571839961515
70.8971732867841,0.106317669602943,-0.452152351363809
70.9668477266464,0.0965710737953584,-0.287547748237639
71.0365356292875,0.0848811763700174,-0.0191387535325615
71.1062393660212,0.0716759245862917,0.471345915147842
71.1759601902018,0.0575343735087191,1.3738640524228
71.2456983194494,0.0434053145235583,3.16474828116743
71.3154530203182,0.0316013013970432,6.79384028654877
71.3852227431964,0.0275901224580609,9.35951331599673
71.4550053305014,0.0351220806785349,5.74254455432689
71.5247982739237,0.0492296627218351,2.78702354444994
71.5945989883108,0.0654255240142115,1.45318746962659
71.6644050657314,0.0818188977170031,0.830001873496384
71.7342144716198,0.0974623476844313,0.508380176012037
71.8040256456809,0.111710922308977,0.328328644738299
71.8738374747296,0.124133793209457,0.236260856403243
71.9436491474503,0.13476483369518,0.207393222096784
72.0134599769386,0.14377380664716,0.220550822170032
72.0832692085766,0.151354141734121,0.265683054247738
72.1530758150502,0.157725305454249,0.337741059482574
72.2228782982466,0.163142547059347,0.43378872516563
72.2926745177061,0.167911740217618,0.55124181583754
72.3624615656174,0.172407649476754,0.686424604258719
72.4322357101374,0.177092973698899,0.833184878030914
72.5019924321091,0.182533405049674,0.98173278889889
72.5717265902718,0.189259708177126,1.0844761184489
72.6414328669613,0.197227960550155,1.11337611771693
72.7111066265141,0.206047756858307,1.08823788326423
72.7807448372608,0.215109587921748,1.02971485373992
72.8503468402309,0.223629346206744,0.955705661979834
72.9199148852483,0.230703229885348,0.879801498201478
72.9894543630896,0.235357865131123,0.811629162362756
73.0589736752706,0.236590454540437,0.758337594462497
73.1284837068415,0.23339962499915,0.72676726630273
73.1979969024801,0.224809863919052,0.726646340134724
73.2675259895763,0.210240385344642,0.773353146888532
73.3370824299796,0.190562614753053,0.878209917256447
73.4066749361254,0.167056074139969,1.06255685147258
73.4763085563672,0.141064052011853,1.37420047365778
73.5459844218564,0.11403825783802,1.91562124404717
73.6157000569055,0.0876811418115852,2.90931683634153
73.6854501091476,0.0643347067242575,4.7809062433765
73.7552273327658,0.0477916134668662,7.58313938696052
73.825023652949,0.0426853248189769,8.32861127566215
73.8948311515663,0.0478131134350692,5.96355192177164
73.9646428401454,0.0562437934563805,4.13849388392529
74.0344530874443,0.0642262282378241,3.27041644762001
74.1042576562994,0.0708266314646663,2.8959135981539
74.1740535596933,0.0760952218998525,2.75633356722414
74.2438388723504,0.0804097321000281,2.72375556602158
74.3136125458491,0.0842180618365654,2.72957975794752
74.3833742504251,0.087912482456134,2.7365630401039
74.4531242491091,0.0917623228468738,2.72959341645108
74.5228632972327,0.0958925272032665,2.71094013772202
74.5925925526353,0.100306801346502,2.69436435611969
74.6623134790917,0.105059521985597,2.67697235072357
74.7320277322894,0.110592783320733,2.62023231321521
74.8017370621935,0.117268615277682,2.50835859140424
74.8714432764003,0.125184948411161,2.34925602128176
74.9411482537033,0.134180723712344,2.16500041655396
75.0108539744999,0.143893115097799,1.98006288912683
75.0805625280779,0.153833840789442,1.81380546815587
75.1502760545135,0.163458580294715,1.67871741318957
75.2199965806429,0.172220091323642,1.58213238863567
75.2897257153248,0.179607921644288,1.52896561371756
75.3594641867316,0.185324931464049,1.50865083223316
75.4292114183212,0.189686493492494,1.49686812001777
75.4989655620491,0.193083300225286,1.48154965186426
75.5687238029646,0.195788399020023,1.45479991011648
75.6384827524199,0.197930054567138,1.4123167264451
75.7082388951679,0.199478433206492,1.35294983804053
75.7779890541415,0.2002467403183,1.27799589110626
75.8477308328185,0.19990512740017,1.19019492211339
75.9174629960637,0.198003560585669,1.09259770530211
75.987185756252,0.193999033073258,0.987465630959275
76.0569009343666,0.187406188736993,0.904067858252601
76.1266118013391,0.178253520998793,0.868048085690407
76.1963223860219,0.166814323702606,0.879028504797619
76.266036712331,0.153468224302304,0.942676379770923
76.3357582176094,0.138686110000936,1.07233514267397
76.4054893725453,0.123034243479896,1.2917049469796
76.4752314978492,0.107201648398969,1.63731795898988
76.5449847592157,0.0920579844900572,2.15363226061354
76.6147483115899,0.0787378096237196,2.85510334984711
76.6845205564287,0.0686737882584456,3.60746436905397
76.7542994706466,0.0632777341415062,3.99912497029047
76.8240829445901,0.0629866090346424,3.67981378909877
76.8938690489304,0.0667382456774707,2.86004433728701
76.9636562164524,0.0726269879481711,1.97157328682019
77.0334433269652,0.0788697890035529,1.21376588149177
77.1032296759025,0.084173486734045,0.587283174549619
77.1730148185069,0.0877048124084403,0.0264558231848586
77.2427982960449,0.0890207311612279,-0.548874569082838
77.3125792675259,0.08809750257874,-1.22731128920872
77.3823560898388,0.0855203757454353,-2.09895671030121
77.4521259147605,0.0829404059820914,-3.04526231411253
77.5218844863853,0.0832059550425159,-3.66778714889092
77.5916263986868,0.0888435543031485,-3.62908806498017
77.661345713451,0.100566662978583,-3.03217391384727
77.7310367958366,0.117166015143894,-2.28853613713633
77.8006952630838,0.136605582577459,-1.65340053700923
77.8703189175745,0.156865785912612,-1.17596989829941
77.9399085215442,0.176175349630783,-0.825658765760196
78.0094682710759,0.192982929707657,-0.561022113358377
78.0790058421988,0.205893471145287,-0.347317548601557
78.1485319115749,0.21392229762619,-0.183417615661855
78.2180591051949,0.21737121526762,-0.0676890671178733
78.2876005922935,0.216934752632632,0.0180708880039101
78.3571687448338,0.213364699696774,0.0825073688473102
78.4267740362688,0.207440840518309,0.128702747471079
78.4964242310888,0.199950855697391,0.155850611822894
78.5661238811693,0.191675848578574,0.160029576279528
78.6358741198518,0.183381138958568,0.134911332406669
78.7056727282668,0.175813745128212,0.0731470629100276
78.7755144407769,0.169709113516673,-0.0308570728441311
78.8453914568001,0.165651813587678,-0.155161638078131
78.9152941056131,0.163621761571136,-0.270905307538225
78.9852115267194,0.163462275894317,-0.370770709711862
79.0551322830448,0.165023904008114,-0.449994062011911
79.1250449156745,0.168151293986793,-0.506822321187942
79.1949384518839,0.172673302431157,-0.542292304183566
79.2648028724823,0.178397635875243,-0.559492018359333
79.3346295396813,0.185109762329883,-0.562612145613015
79.4044115825852,0.192574871443475,-0.556087357125983
79.4741442340043,0.200541461590329,-0.54400321685074
79.5438251102332,0.208728555029268,-0.524381072139722
79.613454435976,0.216770974562236,-0.496185349525681
79.6830352111084,0.224261710495939,-0.463540376958321
79.752573260957,0.230774621920969,-0.429434011211874
79.8220771314473,0.235872214852608,-0.395914208201875
79.8915578110988,0.239112960970021,-0.364328116437763
79.9610282684768,0.240058032166172,-0.335553394898653
80.0305028020314,0.238277246677506,-0.310207372806792
80.0999962097739,0.23335386596512,-0.288846989267571
80.1695227987159,0.224887740403553,-0.272201368658585
80.2390952700643,0.212639734315903,-0.266707409267852
80.3087235946338,0.196961383653197,-0.279298866179857
80.3784141357141,0.178360089819713,-0.314837293121211
80.4481691165253,0.157349741682169,-0.384626423142564
80.5179864131535,0.13445132778694,-0.513302818227805
80.5878596528049,0.110207914402908,-0.758091905785495
80.6577785843418,0.085237630343113,-1.27089480834527
80.727729677357,0.0604231866665126,-2.54264116487103
80.7976968986104,0.0377881240463819,-6.50038925438777
80.8676626100483,0.0251523928115108,-14.4728749394383
