s,curvature,torsion
0,0.20188356945067,1.81385154782535
0.0649258002244247,0.184735690787167,2.16836630438978
0.129913099736466,0.171522635400425,2.50125096744474
0.194946072237566,0.163161651217979,2.73232637201685
0.260007492883306,0.160238446386169,2.78461603184658
0.325079637948748,0.162752044142239,2.63874514654285
0.390145153366471,0.170069477557939,2.34930090964013
0.455187870206747,0.181139396793413,2.00158801576805
0.520193545913765,0.194790768351614,1.66237894821176
0.585150510838915,0.209938313482067,1.36490443285604
0.65005020047314,0.225658937436627,1.1177512921571
0.71488755397703,0.241199622852663,0.917548672937654
0.779661238945516,0.255979686185075,0.75623225350596
0.844373657656168,0.26952670720963,0.62528139686955
0.909030774715019,0.28143910946372,0.517497131741518
0.973641788923693,0.291368493669254,0.427095797498034
1.03821865107315,0.299009263941162,0.349474133094215
1.10277543294158,0.304093223290507,0.280897271339399
1.16732755785777,0.306387215431402,0.218189359845474
1.23189090856885,0.305692347736667,0.158432626909401
1.29648083356892,0.30184376732977,0.0986442540163698
1.36111108102774,0.294822377122257,0.035737268069477
1.42579277488343,0.285086659465149,-0.0342190467696858
1.49053368118157,0.273228378277701,-0.115846419908622
1.55533779358652,0.259858389921586,-0.214029922960286
1.62020519250348,0.245610087922974,-0.333795020640882
1.6851321627582,0.231148520818686,-0.479597150709869
1.75011154953656,0.217184464256155,-0.65357527976683
1.81513332823186,0.20448968882242,-0.852252601748179
1.88018536308404,0.193904079924444,-1.06173590343956
1.94525433170645,0.186318097662647,-1.25352578854232
2.01032679134052,0.182473223707841,-1.37606149661049
2.07539021239526,0.182419541710286,-1.39673179108278
2.14043364867565,0.185815671451259,-1.32286442670869
2.2054481876504,0.192073467287417,-1.18053048673367
2.27042730129594,0.200434445063414,-1.0013768073552
2.33536708335319,0.210063302914739,-0.811344909387803
2.40026634853637,0.220121557823863,-0.626320051363852
2.46512656760438,0.229810603366815,-0.45305558078596
2.52995161361372,0.238391290060928,-0.291900475920086
2.59474729922251,0.24519152532254,-0.139171883477321
2.65952069687294,0.249729393975217,0.000755587628642238
2.72427935877155,0.252070731924052,0.125196052703636
2.78903071355553,0.252462327641188,0.240385845431136
2.85378160515844,0.251198732017256,0.350429980301412
2.91853791449984,0.248611666428709,0.45778152315671
2.98330427764963,0.245061590875843,0.563419065078349
3.04808391117712,0.240929618422085,0.666833107061364
3.11287854935317,0.236608263507037,0.765927699048427
3.17768849264611,0.232489671932503,0.856970836937697
3.24251276258292,0.22895033368434,0.934761699543275
3.30734935433054,0.226289544553379,0.992680608162895
3.37219556669417,0.224579741918876,1.02727975095644
3.43704835744334,0.22377818722884,1.03859628537113
3.50190468219337,0.223765805292939,1.02843549765178
3.56676180052068,0.224351205594986,1.00008758380049
3.63161753518907,0.225280507844993,0.957763440388285
3.69647047078039,0.22625069994209,0.905949312993577
3.76132007920658,0.226924066985028,0.848865407512776
3.8261667615043,0.226941716697596,0.790130223465703
3.891011798002,0.225935020642337,0.73264226773735
3.95585720113136,0.22362177572381,0.684846152476913
4.02070544631647,0.220084985248623,0.651180126347772
4.08555909618317,0.215527015574854,0.628500747034192
4.15042045161592,0.210175346149134,0.614062739815049
4.21529128322904,0.204274364498373,0.605239839768839
4.2801726468495,0.198078688625692,0.599285966296236
4.34506478155327,0.191847431127335,0.593146980636324
4.40996708614537,0.185839049449316,0.583353290593761
4.47487816816972,0.180306655326064,0.566044382300536
4.53979595859029,0.175493936438301,0.537186786443422
4.6047178855497,0.171560036736598,0.495306465443607
4.66964110479407,0.16836406864739,0.443139084551623
4.73456275733454,0.165687736854813,0.383130477937688
4.79948019378423,0.163312820254071,0.317488645160267
4.86439115011155,0.161025308503826,0.247892896695814
4.92929387757665,0.158618472700151,0.175301861081761
4.99418722999072,0.155894996965536,0.099828440912113
5.05907071151912,0.152668479540196,0.0206258108730721
5.12394448857433,0.148764726549669,-0.0642875606634604
5.18880936992474,0.144023362838814,-0.158358554057204
5.25366675845188,0.138343523761108,-0.264425899463449
5.31851854505321,0.131816909722691,-0.385826286623169
5.38336690940877,0.124602459552121,-0.52898989910329
5.44821411475236,0.116888696036901,-0.701546851238733
5.51306234014561,0.108902242217216,-0.912082685162988
5.57791355136054,0.100919905669486,-1.1687617344445
5.64276940883335,0.0932835337916523,-1.47545566838779
5.70763121024612,0.0864131114080703,-1.82350095174252
5.77249986451173,0.0808054587461493,-2.1789318094952
5.83737589329937,0.0769950006009624,-2.47328541359053
5.90225945580167,0.0754327978345604,-2.62286371136356
5.96715039308932,0.0762905653000371,-2.58574251497656
6.03204828487114,0.0794579649135038,-2.38782641603022
6.0969525056071,0.0846042720525075,-2.10114434156842
6.16186227330136,0.0912891938330603,-1.79736262420757
6.22677668713469,0.0990674050042603,-1.52116271920063
6.29169475013921,0.107546071394831,-1.29063236493885
6.3566153732004,0.116401131270017,-1.10782725064679
6.42153735688958,0.12537249252587,-0.967850822369372
6.48645934798138,0.134252855958854,-0.863963433880542
6.55137977076781,0.142890936324517,-0.776321146141458
6.61629680123392,0.151206711648811,-0.689089001991082
6.68120849945555,0.159115897887285,-0.601801512464608
6.74611299317991,0.166515448477611,-0.513953680215736
6.81100863952705,0.173288386741912,-0.424836502150502
6.87589415688834,0.17930890916112,-0.333427303123346
6.94076872265436,0.184447851989637,-0.238299221769483
7.00563203366956,0.18857877250362,-0.137524284366323
7.07048432803668,0.191585069829711,-0.0285513104155852
7.13532636908309,0.19336879503454,0.091953562151792
7.20015939452883,0.193872173829461,0.212504645140805
7.26498502731714,0.193113761175946,0.321974561543021
7.32980514629518,0.191147066383806,0.424283254477737
7.39462175098884,0.188040863820126,0.522744630939062
7.45943683984979,0.183873033488474,0.620367447400074
7.52425230715866,0.178726464681348,0.720138297368963
7.58906986152913,0.172686718500588,0.825316409853052
7.65389096755068,0.165841472187768,0.939774754486197
7.71871681107062,0.158282095686304,1.06842602012876
7.78354828795783,0.150108116884396,1.2177706722639
7.84838601469743,0.141474643260477,1.39189353055077
7.91323033261888,0.132712690679285,1.58881686743909
7.97808127372626,0.124200905441711,1.80434658247978
8.04293854966432,0.11631219777173,2.02828613469668
8.10780158537143,0.109389260950365,2.2430505937621
8.17266958420246,0.103706994703053,2.42516411509378
8.23754160957736,0.0994266245735605,2.5515499439025
8.30241666850173,0.096556342981083,2.60938269038568
8.36729378331408,0.0949389013787328,2.60373315675358
8.43217203974649,0.0942785360299509,2.55717543441552
8.4970506025307,0.0942835812564472,2.48979018898413
8.56192871297593,0.0949532904030914,2.39035880217448
8.62680571799575,0.0962908848963204,2.25044125767345
8.69168112705791,0.0981906089848399,2.07161821166116
8.75655467662896,0.100435995999946,1.86277154064728
8.82142639024652,0.102718692734913,1.63517697563446
8.88629662224123,0.104667362708482,1.39795389874219
8.95116607387675,0.105877266866999,1.15520004888876
9.01603577287447,0.105935833114352,0.904451376069845
9.08090701094857,0.104444564662987,0.63508488755606
9.14578123837337,0.101103057583016,0.367796624055222
9.21065990654044,0.0959355350488462,0.116674888480513
9.27554426330198,0.0891320156261697,-0.147359036756854
9.34043517005118,0.0809700887046061,-0.459297571001578
9.40533297575832,0.0718145825501866,-0.86878759951212
9.47023745439425,0.0621460317685755,-1.45186746962481
9.53514780521387,0.0526337348070236,-2.31561734467233
9.60006271025656,0.0442716333808597,-3.53195229245956
9.66498043934597,0.0385015986553519,-4.81921763765393
9.72989898983524,0.0368617697853914,-5.21619743185205
9.79481624653349,0.0397348335288547,-4.3145619291587
9.85973015120475,0.0458722501734433,-3.04157830493852
9.92463887411161,0.0536711722331178,-2.04554308586281
9.98954096703436,0.0619706509191796,-1.38654073647298
10.0544354846633,0.0700347410734945,-0.964461355809103
10.119322067739,0.07737528682114,-0.69136224578207
10.1842009826623,0.083633612222161,-0.511362883031659
10.249073113838,0.0885187988272521,-0.391323597474397
10.3139399069786,0.0917768337221205,-0.311879274352992
10.3788032639926,0.0931750608050622,-0.262023129283004
10.4436653927547,0.0925568343877697,-0.230332019040909
10.5085286173888,0.0900238440497305,-0.206388287680928
10.5733951718532,0.085743722577975,-0.186199201888801
10.6382670143359,0.0798857053718558,-0.166253943763302
10.7031456779581,0.0726195886555065,-0.142340922668447
10.7680321626983,0.0641149807327587,-0.107701317946577
10.8329268706241,0.0545409992255831,-0.0487320793563236
10.897829584238,0.0440670098532194,0.0679789478821758
10.9627394857702,0.0328667833364844,0.346810652168046
11.0276552136056,0.0211394767305891,1.26751768873597
11.0925749508471,0.00930333275835974,7.87150282864752
11.1574965434213,0.00542138581315761,23.9982637076365
11.2224176463914,0.0169832695909863,2.20554872290104
11.2873358845635,0.0293061118007999,0.545634099538243
11.3522490147328,0.0414498556889592,0.113480831449229
11.4171550801773,0.0531665709054333,-0.0690667943798749
11.4820525483871,0.0642629994680579,-0.173149328031279
11.5469404236031,0.0745597460426378,-0.248272545017077
11.6118183266654,0.0838850630750675,-0.31389590008991
11.6766865359666,0.0920749853366433,-0.379993274400252
11.741545984693,0.0990128484571421,-0.428414293785709
11.8063982065914,0.104731440558534,-0.444097128601838
11.8712452311183,0.109280885296486,-0.43401918911062
11.9360894548643,0.112687041522165,-0.401220257437523
12.0009335012155,0.114952543164863,-0.346274675724741
12.065780070055,0.116060530802083,-0.267729981320307
12.1306317786084,0.11598128220953,-0.161932637963226
12.1954909948729,0.114682616543027,-0.0223406654144627
12.260359666108,0.112145976429324,0.161735908195524
12.3252391466082,0.108391955352585,0.407069115470693
12.3901300323037,0.10354719464896,0.702968049714892
12.4550320351693,0.0979524218334086,1.03303931502177
12.5199439529,0.0920785772266252,1.40551941987366
12.5848637155933,0.0865044024034952,1.81227865281272
12.6497884899704,0.0819052541690654,2.21404003501363
12.7147148366609,0.0789904770086427,2.53161882195871
12.7796389136843,0.0783615497889786,2.66964562337832
12.844556716657,0.0803264075494215,2.57939618499976
12.9094643442559,0.0847915244915875,2.30088668279584
12.9743582760519,0.0913223536470158,1.92862430898247
13.0392356482948,0.0992964628564204,1.55798271451431
13.1040944960862,0.108025835425766,1.24332732956296
13.1689339164818,0.116900920263654,0.993736176138392
13.2337541621437,0.125410689959457,0.80269793260789
13.2985566716202,0.13312183876135,0.659647070679041
13.3633440289604,0.1396573679176,0.554775535733334
13.4281198469037,0.144680332430698,0.480511916143131
13.4928885707384,0.147883042297885,0.431756004897174
13.5576552034391,0.148980557972356,0.405852219985801
13.6224249568435,0.147707324810222,0.402775533332276
13.687202839496,0.143930796038338,0.414901864262599
13.7519932311715,0.137988170983891,0.430896190378536
13.8167995601481,0.13032774192344,0.447109161735415
13.8816241105645,0.121387790739565,0.458458232610567
13.9464679432537,0.111591508573367,0.457027099218163
14.0113309204028,0.10134217868326,0.430074546228583
14.076211820093,0.0910199445315998,0.357212931351553
14.1411085237734,0.0809835968139906,0.206832056474818
14.2060182588847,0.0715851500268686,-0.0668097167220405
14.2709378801207,0.0632121350454872,-0.519611226953649
14.3358641741045,0.0562881338343316,-1.09511103643375
14.4007941261351,0.0510613584061133,-1.63564225743907
14.4657250496861,0.0477429540585138,-1.99837938731328
14.5306546459729,0.0463955900062846,-2.05335311514641
14.5955810431835,0.0467683161910967,-1.79331439070259
14.6605028149044,0.0483017906386293,-1.33343249860235
14.7254189724577,0.0502902598554614,-0.798294766660947
14.7903289251647,0.052053173715702,-0.245524301989382
14.8552324040071,0.0530386798948229,0.336291399824351
14.9201293477558,0.0528914009145905,1.00996680428792
14.9850197575259,0.0516445417774013,1.75541698109188
15.0499035628548,0.0500453554870344,2.47653918202423
15.1147805786643,0.0491202046814109,3.05764555770811
15.179650537011,0.0498306052519506,3.30225385480489
15.244513166989,0.052709097159867,3.11906500250062
15.309368310368,0.0576339622977951,2.64129055299128
15.3742160550817,0.0639646935793882,2.08367443356897
15.4390568646619,0.0708514377722016,1.57881936034063
15.503891680214,0.0774476351160232,1.16402086092543
15.568721972553,0.0829835679435814,0.828548575653749
15.6335497254643,0.0868646615958203,0.570604437449525
15.698377335089,0.0889516801299118,0.375881520059311
15.7632074392172,0.089271118494285,0.213696294444418
15.8280427247445,0.0878951894975903,0.0629845012661007
15.8928857379979,0.0849278600343272,-0.0939779813797567
15.9577387094454,0.0805008373789904,-0.276244549432437
16.0226034018013,0.0747776237302714,-0.509253244459452
16.0874809885097,0.0679680856077231,-0.832226358924713
16.1523719676915,0.060361914783869,-1.31000502101285
16.2172761149155,0.0524006156591523,-2.0475557295254
16.2821924767753,0.0448586060554083,-3.13634094711424
16.3471194110246,0.0391151686104437,-4.41073088933484
16.4120546831932,0.0368730225055048,-5.07427082385154
16.4769956075125,0.0390836644502958,-4.40004976475475
16.5419392120814,0.0450096728952049,-3.04320804758316
16.6068824102827,0.0530634624962652,-1.8373095739137
16.6718221613896,0.0619150543753269,-0.960089557561356
16.7367556055874,0.070711857503569,-0.322602411101403
16.8016801624372,0.0789572554403705,0.178093890642872
16.8665935871491,0.0864146520040446,0.613187192069144
16.9314939867744,0.0931034673695711,0.952969776653103
16.9963798281582,0.0992979308686907,1.16547588827182
17.0612499948852,0.105282701205233,1.27959125488199
17.1261038785459,0.111235525864685,1.31445586916961
17.1909414838558,0.11718664047084,1.28733495119262
17.2557635364499,0.123011090262143,1.2152665644293
17.3205715765083,0.128444549498436,1.11383717312671
17.3853680176948,0.133111861869583,0.99548880792095
17.4501561500568,0.136558674981492,0.868507745931819
17.5149400675591,0.138280053093613,0.7367278666505
17.579724504249,0.137882230430306,0.618722996966338
17.6445145404141,0.135532380542811,0.52191655872369
17.7093151795291,0.131570049759374,0.433068103240835
17.7741309429034,0.126358129753117,0.340987770441568
17.8389655452842,0.12027429027373,0.234925130887519
17.9038216553293,0.113708911579464,0.103851637256539
17.9687007377304,0.107069744289467,-0.0631082605191389
18.0336029704134,0.100794400581679,-0.2742508239689
18.0985272288436,0.0953708159570715,-0.529565591531014
18.1634711300233,0.091361076964054,-0.811229007054577
18.2284311326169,0.0893058195108243,-1.05224932420609
18.2934027222613,0.0893500236880683,-1.18918881364571
18.3583807094591,0.0914582440492124,-1.21010845651864
18.423359555795,0.0954681300580561,-1.1317522733745
18.4883336895976,0.101091355084745,-0.988510587378674
18.5532978071364,0.107951386968462,-0.815612636839449
18.6182471532515,0.115629854959981,-0.638481178681124
18.6831777726176,0.123701759594281,-0.470777950208092
18.7480867211514,0.131755105645644,-0.317147506349786
18.8129722263885,0.139399233609047,-0.176708454569572
18.8778337854414,0.146303995136455,-0.0597093618877924
18.9426721789806,0.152310730058651,0.0276865264322821
19.0074893889986,0.157318479622168,0.0928619027167749
19.0722884623961,0.161237603538374,0.141042521017133
19.1370733407076,0.163983153298831,0.175944342819109
19.2018486587515,0.165471041629061,0.200212460137414
19.2666195145191,0.165615928111216,0.2157055270448
19.3313912130714,0.164330146818827,0.22366621535886
19.3961689879111,0.161523242412225,0.224799740455298
19.4609577042391,0.15710183127858,0.219261577456667
19.5257615506835,0.15103849477676,0.214014586576095
19.5905837562053,0.143580373131431,0.215728175266966
19.6554264132285,0.135044968250213,0.224011234091368
19.7202904073167,0.125750207111141,0.238800150292066
19.7851754313763,0.116013345128173,0.260131945482586
19.8500800752211,0.106150303258887,0.287802896687917
19.9150019798568,0.096475231206893,0.320780344393145
19.979938044484,0.0872999479970737,0.356212593544151
20.0448846738269,0.0789327534945035,0.387967539498633
20.109838053915,0.0716760648941062,0.405055716159947
20.1747944439975,0.0657554388736989,0.403694915335243
20.2397504277253,0.0611187694555664,0.389515617006229
20.3047030302701,0.0576458354881619,0.363178521298983
20.3696497621489,0.0552180888826271,0.327731991548331
20.4345886389756,0.0537202707418658,0.288174959307434
20.4995181840559,0.0530417680921212,0.250357731176631
20.5644374178236,0.0530772881811337,0.21967759124305
20.62934583714,0.0537267473989789,0.200097465456116
20.6942433866245,0.0548946221435787,0.193777184882809
20.7591304234663,0.0564891895426517,0.201274928097586
20.8240076766239,0.0584258456889751,0.209705993694771
20.8888762022711,0.0606367076900146,0.207892585437495
20.953737338435,0.0630562090476506,0.198103965626604
21.0185926571618,0.0656169505007164,0.182432873980827
21.0834439124833,0.0682500031742671,0.16261546988033
21.1482929834755,0.0708853403920675,0.139966068216854
21.2131418116756,0.0734523149804422,0.115383527758933
21.2779923320869,0.075880136149292,0.0893919312128349
21.3428463970246,0.0780983289614226,0.062188939735996
21.4077056921212,0.0800371793618336,0.0336850786726226
21.4725716445522,0.0816534486823862,-0.00132232270296716
21.5374453394896,0.0830065355409331,-0.0477853575246242
21.6023274761722,0.0841835190040481,-0.105546679868805
21.6672183469499,0.0852757872661783,-0.174156080393557
21.7321178261392,0.086381461023588,-0.252616275048854
21.797025369006,0.0876081011216339,-0.339123284588993
21.8619400219555,0.089075382185438,-0.430833892060374
21.9268604453107,0.0909172462619059,-0.523730878413695
21.9917849504744,0.0932829131556715,-0.612691201185155
22.0567115538099,0.0963361073074503,-0.691865335642262
22.1216380507612,0.100206199400958,-0.740429211328905
22.1865621252132,0.104832268333221,-0.747821611378485
22.2514815038664,0.110073730414497,-0.724548752999921
22.3163941165996,0.115755044457972,-0.680901801204338
22.3812982413817,0.121672188195812,-0.625547377767008
22.4461926268154,0.127600366263745,-0.564963290811955
22.5110765852703,0.133301034373622,-0.503491090762562
22.5759500493782,0.138527475826769,-0.443699265837696
22.6408135850049,0.143028899795172,-0.386820010215787
22.7056683546924,0.146553354928606,-0.333126502022138
22.770516027117,0.148903444912243,-0.284402714724323
22.835358636215,0.150099627258208,-0.240440566672572
22.900198420386,0.150220855064704,-0.198518028224741
22.9650376703811,0.149350148655011,-0.156364145814116
23.0298785931292,0.147573996930135,-0.111914530317197
23.0947231947962,0.144982235765618,-0.0631367402697734
23.159573185543,0.141668408972141,-0.00789616502894956
23.2244299077123,0.137730694279418,0.056150212928479
23.2892942885496,0.133273540912202,0.131630031682887
23.3541668180503,0.128410222234384,0.221480703093364
23.4190475518244,0.123266357449563,0.320973413799632
23.483936131404,0.117980477656443,0.423456676876152
23.5488318095292,0.112699867622566,0.528311855524084
23.6137334910163,0.107577337912433,0.633401393576063
23.6786397944401,0.102767138836845,0.734620650914975
23.7435491321397,0.0984190239652438,0.825609783604313
23.8084598054188,0.0946701303233383,0.89791641873495
23.8733701116332,0.0916350519810461,0.941911771627691
23.9382784598521,0.0893956163261495,0.948539931882384
24.0031834919197,0.0879930364879242,0.911498733628495
24.0680842048749,0.0874109123034312,0.831802995299697
24.1329800423031,0.0875391182866742,0.717269687561821
24.197870901595,0.0882339843269699,0.57619463201105
24.2627570986499,0.0893478728567467,0.416742644787318
24.327639318442,0.090742659948912,0.245469663983532
24.3925185530123,0.0923009943125808,0.0667477403117105
24.4573960278172,0.0939352981202571,-0.1170762918625
24.5222731180065,0.0955952494739325,-0.305074379337655
24.5871512569457,0.0972746513548767,-0.496893894262076
24.6520318401404,0.0990182896119009,-0.691772685307921
24.7169161287523,0.100945349975226,-0.859637306860026
24.7818051606783,0.103274683298436,-0.96932879953914
24.8466996832367,0.106208574422108,-1.01865961681399
24.9116001118982,0.109881664800176,-1.00923047719011
24.9765065112048,0.114345770851132,-0.947539797372926
25.0414185923283,0.119570479736846,-0.843891980379796
25.1063357203528,0.125457273223031,-0.709965181339859
25.1712569236885,0.131861832294368,-0.556392353828603
25.2361808980991,0.138618840142816,-0.391273046278322
25.3011059986417,0.145565485998155,-0.219773553945891
25.3660302175267,0.152542261996399,-0.0616953523883391
25.4309512224602,0.159348419549703,0.0689682613203156
25.4958665712349,0.165799289784071,0.177907483829465
25.5607739655712,0.171733681080431,0.27049295221195
25.6256714628045,0.177004819757712,0.351574902355804
25.6905576414288,0.181475147302587,0.425535567744419
25.7554317197686,0.185014202352782,0.496455691550179
25.820293627562,0.187499079123759,0.568338763996463
25.8851440312096,0.188817266218292,0.645379791497458
25.9499843148843,0.188872023027658,0.732287548820765
26.0148165203507,0.187640333690318,0.812592599731708
26.0796432246539,0.185294301326531,0.86577198663296
26.1444673417612,0.18198366881474,0.890239387101612
26.2092919286214,0.177763408054102,0.883780436903879
26.2741200191452,0.172586633117276,0.843704204098044
26.3389544701432,0.166306786802939,0.766270089593004
26.4037978032478,0.158689990201775,0.645015877098052
26.4686520312125,0.149438628509221,0.467197685335122
26.5335184643242,0.138229839788103,0.20635858481401
26.5983975029709,0.12478168474425,-0.194339495790387
26.6632884357533,0.109111151136601,-0.779792987623355
26.7281892869196,0.0921144606751132,-1.64008055887022
26.7930968046522,0.075439248765582,-3.00343697304789
26.8580066503755,0.061869646639827,-4.9496864964199
26.9229137691656,0.0555789569693292,-6.33661156039958
26.9878128909818,0.0594683454783257,-5.38184302637847
27.0526990988494,0.0713633995921435,-3.40559460436793
27.117568393185,0.0868683864177742,-1.92025199490095
27.1824181809767,0.102807918842543,-0.98594996149714
27.2472476245474,0.117273121956483,-0.367213314649066
27.312057795671,0.129179457260692,0.0607055515337898
27.3768515684575,0.138372686148849,0.366467118612583
27.4416332377275,0.145053014308752,0.61135838608972
27.5064080247403,0.149539131220205,0.825877119061136
27.5711815662164,0.152224763187668,1.0254860585883
27.635959422606,0.153557390319632,1.21694550993062
27.7007466304365,0.154023118449958,1.40080821654347
27.7655473150695,0.154129761854504,1.57247042738018
27.830364372532,0.154383398007234,1.72315486535458
27.8951992223145,0.155256430590603,1.84178252421562
27.9600516308535,0.157194361134021,1.9063044242172
28.0249196906103,0.160669614094408,1.89304282516708
28.0898001078898,0.165928262355158,1.8004071379533
28.1546886546186,0.172915845617825,1.64203873660612
28.2195806624446,0.181315010602981,1.44016057634478
28.2844715155048,0.190621456425931,1.21677719723108
28.3493571012701,0.2002271335436,0.987842225913624
28.4142341810233,0.209489230827447,0.761615329283569
28.4791006463146,0.217779397195828,0.539589240944206
28.5439556352681,0.224518308308485,0.318054015357821
28.608799493547,0.229256055522977,0.120613715378128
28.6736335965779,0.231859264057526,-0.0337246696213231
28.738460107572,0.232348290458616,-0.155269267539154
28.8032817215227,0.230798517844061,-0.25069122733361
28.8681014175544,0.227305104196372,-0.324014123833879
28.932922237698,0.221958874949738,-0.377280350242084
28.9977471025702,0.214829394183169,-0.410913163132333
29.0625786684824,0.205953236106412,-0.423771920065421
29.127419226657,0.195326675072501,-0.41281121344197
29.192270643487,0.182902867301734,-0.372075978422906
29.2571343378267,0.16866356531464,-0.314887968668762
29.3220112187013,0.152850101496015,-0.257036193614073
29.3869014915337,0.135785820601689,-0.191272658927713
29.4518045077309,0.117806883078555,-0.105907621820097
29.5167187376738,0.0992611079302782,0.0209910102985229
29.5816418523953,0.0805129669378588,0.236624425417079
29.6465708917997,0.0619634150627684,0.659113619913601
29.7115024947665,0.0441194922604434,1.64648146440139
29.7764331653407,0.0278936364429402,4.5663692556459
29.841359549411,0.0162878576777321,13.4150945476511
29.906278697504,0.0173993022499505,10.6686144687932
29.9711882857199,0.027630583575634,3.46096595882077
30.0360867674328,0.0389895844461026,1.2287967655314
30.1009734587311,0.0494856072681857,0.394522847798004
30.1658485634954,0.0585647667028043,-0.0048079647794195
30.230713139206,0.0659618592936155,-0.240219142318754
30.295569005366,0.0714925463440689,-0.410406158693293
30.3604185980088,0.0750047243317701,-0.562431044980495
30.4252647758904,0.0763689551534961,-0.72822768443513
30.4901105866199,0.0754853677132397,-0.941110530015225
30.5549590044423,0.0724136675649745,-1.24009518284491
30.6198126656858,0.0677342541201926,-1.65777620054068
30.6846736562244,0.0622777242185285,-2.22035413431732
30.749543378861,0.0570755271936518,-2.90309852685659
30.8144224993905,0.0533572876298819,-3.53899004878086
30.879310963506,0.0523223428197516,-3.7975540651112
30.9442080709186,0.0546190435616326,-3.46781939225292
31.009112588993,0.0599825700962271,-2.73613416035213
31.0740228860309,0.0675088961752845,-1.93325260447153
31.1389370640404,0.0761883143481339,-1.23299378974105
31.2038530731824,0.0852128303790725,-0.712136257744511
31.2687688130857,0.0941072611060836,-0.365601747461757
31.3336822486059,0.102641000207686,-0.133925953902484
31.3985915151989,0.110704663618752,0.0212447519614953
31.4634950009662,0.118245420652577,0.123766554802044
31.5283914089771,0.125233118017395,0.188584980506979
31.5932798024483,0.131642365931329,0.225259321606097
31.6581596338962,0.137443197880841,0.240028614713955
31.7230307582671,0.142596615878376,0.236996639002986
31.7878934292844,0.147053123817343,0.21880177469392
31.8527482786501,0.150745507546502,0.190481726334693
31.9175962967179,0.153568223968724,0.155970896236747
31.9824388424877,0.155404078438131,0.114957616225855
32.0472776456031,0.156134309055171,0.066482016823269
32.1121147797005,0.155641146573274,0.00877191880987651
32.1769526082122,0.153811045748147,-0.0610618322253502
32.2417937061712,0.15053905490163,-0.147561343317309
32.3066407634125,0.145735212329865,-0.257858944947038
32.3714964766435,0.13933469301019,-0.403336818205104
32.4363634401593,0.13131516014056,-0.602613708355403
32.5012440450347,0.121749281370305,-0.85611093642523
32.5661403414952,0.11088602899164,-1.16594244158961
32.6310537900653,0.0990742827963064,-1.57342898569082
32.6959850170636,0.0867813760744686,-2.14405496229623
32.7609336367351,0.0746951453788757,-2.97392358409123
32.8258981377294,0.0639227560748149,-4.14733415576564
32.8908758273908,0.0562566876427484,-5.49469485698293
32.9558628268235,0.05404214413773,-6.20417577251023
33.0208541104463,0.0587873893766216,-5.59926208653203
33.0858435857344,0.0698550428782419,-4.36828459602753
33.1508242167833,0.0855521044033029,-3.24039822473679
33.2157883134071,0.104369277299875,-2.37999723894532
33.2807281781181,0.125005945794613,-1.77330888697694
33.345636896761,0.146368544293075,-1.34736078323029
33.4105090991486,0.167506998621736,-1.04081225220947
33.4753416204235,0.187552316696475,-0.81195251537303
33.5401339975303,0.205678392080807,-0.633475515693932
33.6048887391008,0.221083005129013,-0.487016271219632
33.6696113162667,0.232981699830762,-0.35926463752866
33.734309836811,0.240610399814294,-0.239202237513479
33.7989943863902,0.243408854741806,-0.134432605235402
33.8636760776479,0.241561300662834,-0.0509663121334621
33.9283660046641,0.235477394254044,0.0205620614082023
33.9930743022687,0.2256018148934,0.0866315865506005
34.0578093850695,0.212400581887896,0.152520478691549
34.1225774032318,0.196350521707795,0.223517104872367
34.1873819337065,0.177931352737341,0.306203822567481
34.2522239096232,0.157620653930394,0.410466510488786
34.3171017771708,0.135892604902116,0.553583281016127
34.3820118585844,0.113222747425572,0.770125953791282
34.44694888805,0.090111655684402,1.15336152890003
34.5119065924507,0.0671783992185115,1.96167119337338
34.5768781312501,0.0454332819197056,4.043269748717
34.6418565068111,0.0276090717379176,10.3136393097476
34.7068349980248,0.0228289105498207,14.2423635256892
34.7718075808462,0.0344492842304441,5.94691625560647
34.8367692978709,0.0504595572457295,2.67145366660818
34.9017165429638,0.0658830309021401,1.54307575316116
34.966647232527,0.0792583602873278,1.08149320535919
35.0315608423586,0.0898539764695371,0.88500948069651
35.0964582983473,0.0972636922885636,0.802666471887223
35.1613417257603,0.101630048730545,0.761647977847677
35.2262141083667,0.103217472281044,0.739560549043758
35.2910789261323,0.102274559792923,0.724025691397126
35.3559398054687,0.0990262790380362,0.705874985974675
35.4208002005951,0.0936679063276693,0.675562011786604
35.4856631180013,0.0863603005734772,0.619565008966022
35.5505308911709,0.0772276184442151,0.513693909475398
35.61540500953,0.0663610474556429,0.305548135042161
35.6802860040605,0.0538403526849036,-0.143482714415541
35.7451733925762,0.0398389936912375,-1.15210917847219
35.8100656992097,0.0249901255486345,-4.29046444169214
35.8749605716164,0.0125709127144408,-19.5935610112206
35.9398549819599,0.0175382412724213,-10.4159901660597
36.0047454915183,0.0339583287790655,-2.7085290126354
36.069628560323,0.0522086453185408,-1.09086794815564
36.134500878378,0.0707220502801366,-0.573800894230613
36.1993596914824,0.0888822874138714,-0.370464968737326
36.2642030928602,0.106228833617366,-0.288499276704249
36.3290302516928,0.122342247961622,-0.265006652665079
36.3938415506689,0.136895257956439,-0.261570841895039
36.458638597456,0.149869644761471,-0.258372832707222
36.5234241021245,0.161320831103873,-0.254760029398353
36.5882016835097,0.171301992341045,-0.250295742827403
36.652975636129,0.17986494859765,-0.244631407081132
36.7177506668375,0.187060957653549,-0.237446466123153
36.7825316088131,0.192941404415096,-0.228414610157427
36.8473231196801,0.197558400750043,-0.217180273902637
36.9121293698617,0.200965327351677,-0.20333819584767
36.9769537265727,0.203217368345851,-0.18641224411655
37.0417984408605,0.204393285815701,-0.166016668700847
37.106664409404,0.204657575694963,-0.14140423859202
37.1715511335555,0.204193405105389,-0.111510999173431
37.2364567891737,0.203180589550887,-0.0753133459130777
37.3013783460738,0.201795756910117,-0.0318695707480195
37.3663117347393,0.200213180215586,0.0196036800131251
37.4312520598867,0.198606356528857,0.0796168066353743
37.4961938602637,0.197150365992952,0.148253209758539
37.5611314142397,0.196024959309298,0.224980683551631
37.6260590913076,0.195418179116254,0.308445431235379
37.6909717482594,0.195479690091387,0.375264865847184
37.7558651116811,0.196155549897932,0.403367133675304
37.8207360268696,0.197304688473496,0.393769449506864
37.8855826233818,0.198738801718071,0.348581496474903
37.9504044380199,0.20022665097287,0.270249517206765
38.0152024878144,0.201508477860052,0.160664822174238
38.0799792844444,0.202318849342144,0.0203032538303883
38.1447387847566,0.202417236906522,-0.152479029230161
38.2094862775112,0.201627477124351,-0.361886457944116
38.2742282142014,0.199889642364307,-0.614635728440348
38.3389719963023,0.197391137152176,-0.882261888912586
38.4037256182223,0.194761260532217,-1.12633652397279
38.4684970251996,0.192769801366324,-1.33341426813311
38.5332934704884,0.192168266373198,-1.48393211791465
38.598121015047,0.193588061159623,-1.55882294348488
38.6629841594132,0.197442899849865,-1.54812521170866
38.7278855819294,0.203868611539317,-1.45651568534762
38.792825950506,0.212725275454541,-1.30167584598912
38.85780377109,0.223658294866976,-1.10692841912811
38.922815234886,0.236189878817696,-0.893495655151935
38.9878540381134,0.249820751486272,-0.688771412803401
39.0529113948491,0.264142933335791,-0.509352290939727
39.1179766307913,0.278841405167871,-0.353494693467425
39.1830379581568,0.293669935981918,-0.217960124554046
39.2480831831851,0.308434780685056,-0.0991438163659962
39.3131003382126,0.322981720470473,0.0063882554713972
39.3780782406341,0.337186730500464,0.101690262689581
39.4430069814906,0.350949946477384,0.189389347052236
39.5078783470426,0.364192449195677,0.271707773958493
39.5726861775615,0.376855413446109,0.350506343357979
39.6374266707335,0.388878012694565,0.415395410896387
39.7020986820161,0.400104176579989,0.457704689498904
39.7667040767583,0.410302288392172,0.481126268627363
39.8312480098184,0.419174981950173,0.488781661174016
39.8957390479274,0.426359813791826,0.483285999466934
39.9601890992656,0.431436615752283,0.466757247741852
40.024613118034,0.433939679082603,0.440785088721249
40.0890285575077,0.433373022312162,0.406361179425765
40.1534545552623,0.429227028793671,0.363753280882341
40.2179108487704,0.420994791492104,0.312276559685882
40.2824164362406,0.408395746509777,0.261464273958353
40.3469880136236,0.392023670568518,0.219601395280462
40.4116384438135,0.372726762440597,0.183902836196136
40.4763756765032,0.351375323866784,0.152241961557225
40.5412022176851,0.328841052475315,0.12291050051961
40.6061151128515,0.305983256902548,0.0944981533935307
40.6711063846601,0.283641060074667,0.0658885671469233
40.7361638543036,0.262629778261733,0.0363964300952797
40.8012722724896,0.243739014767833,0.00607493492685211
40.8664146898426,0.227730043120323,-0.0238348968888154
40.9315739970652,0.215148378072588,-0.0462183194589619
40.9967343327672,0.20578389984383,-0.0525263839227322
41.0618818259048,0.199243164539952,-0.0393901369173896
41.1270049264043,0.195138762240336,-0.00539107346865094
41.1920945689435,0.193094829971218,0.0489691483937805
41.2571442076084,0.192754376570064,0.121803859682312
41.3221497426464,0.193787495981025,0.210608095305054
41.3871093549686,0.195899985554893,0.312955743755389
41.4520232602862,0.198842540996455,0.426934971806067
41.5168933927353,0.202421200160963,0.551264500780631
41.5817230303124,0.206540207307923,0.657134558282929
41.6465164463234,0.211259530812394,0.717457357929888
41.7112787308518,0.216613869357305,0.735095287094759
41.7760156918302,0.222550968182169,0.714523198162851
41.8407337558516,0.228926598401376,0.661376965163961
41.9054398464318,0.235513995718034,0.581587106054671
41.9701412179228,0.24202354547966,0.480435875283211
42.0348452234186,0.248128389209987,0.361804334470904
42.0995589975119,0.253492798600399,0.227707557628625
42.1642890396406,0.257802010749692,0.0780751855521034
42.2290406965887,0.260856537630716,-0.0633841316593111
42.2938176944533,0.262778541130102,-0.175137572151237
42.3586220103254,0.263798598081674,-0.260440541907641
42.4234539345483,0.264158283842046,-0.32079517979424
42.488312204431,0.264083993338716,-0.356529536879785
42.5531942051665,0.263768086195976,-0.367297172498349
42.618096232424,0.263356887578158,-0.35247803002123
42.6830138066106,0.262945862860472,-0.311455426987873
42.7479420265057,0.262582556832664,-0.243752013659658
42.8128759498091,0.262277813551138,-0.149037381686122
42.8778109864918,0.262011672016547,-0.0440080650817511
42.9427432074082,0.261722776858878,0.0545217545067509
43.0076694127144,0.261369897130889,0.14673807935644
43.0725870950673,0.26094160117521,0.232864345052545
43.1374943916766,0.260449770984553,0.313073814509161
43.2023900348307,0.259923668839802,0.387442022474381
43.2672733053953,0.259404483430254,0.455930469674881
43.3321439923171,0.258940280107916,0.518395047860747
43.3970023598355,0.258581308685599,0.574614121138659
43.461849122903,0.258375666651778,0.624331504865597
43.5266854291744,0.258377089193924,0.664034176891022
43.5915128206762,0.258671085365421,0.689828397373937
43.6563331393285,0.259325502114159,0.701121365955722
43.7211484244146,0.260372734250125,0.697730054693215
43.7859608225533,0.261807480355058,0.67994229116163
43.8507725019527,0.263587344153781,0.648486985526764
43.9155855613308,0.265636174681441,0.604422453965241
43.9804019240744,0.267849763182614,0.548969326150611
44.0452232088539,0.27010334716854,0.483322355754124
44.1100505690238,0.272260351129594,0.408472279968622
44.1748844984099,0.27419720716149,0.336212498724054
44.2397246939872,0.275865314063795,0.277299315042643
44.3045701366287,0.277256793271456,0.230969792257129
44.3694192614861,0.278382771590102,0.196575555937319
44.4342701345213,0.2792664306455,0.17360762731814
44.4991206363247,0.279937924448674,0.161692160667464
44.5639686565488,0.280430990063192,0.160570805245664
44.6288123012117,0.280781127204324,0.17007309862728
44.6936501144207,0.28102526860816,0.190083827114451
44.7584813157361,0.281202895147465,0.220504876478654
44.8233060504169,0.281332346939427,0.257953388128567
44.8881255506183,0.281337183537452,0.299408199123725
44.9529420252862,0.281130448672899,0.345383245963052
45.0177584147506,0.280644011900516,0.396504104567992
45.0825781089852,0.279831877234372,0.453501836198824
45.1474046386154,0.278674235464745,0.517194128096063
45.2122413449226,0.277182415680333,0.588444342308761
45.2770910363011,0.275404893714937,0.668083933023663
45.3419556399364,0.27343447916898,0.756777548318022
45.4068358588936,0.271416684578529,0.854804844264591
45.4717308510962,0.269576394717609,0.948551389719567
45.5366380650389,0.268233876397879,1.02217705581343
45.6015534493912,0.267666313982065,1.0723593261755
45.6664718570046,0.268057445029729,1.09676313254778
45.7313875065447,0.269480626294908,1.09474617081401
45.7962944714835,0.27189130902807,1.06764378223246
45.8611871688547,0.275130149502103,1.01853249769433
45.9260608192722,0.278935635580465,0.95157777911858
45.9909118499328,0.282963233688946,0.871212974828279
46.0557382136952,0.286807398227111,0.781397560489362
46.1205395973067,0.290075848523174,0.692665042601972
46.1853174387773,0.292584960653677,0.612230777443847
46.2500746839834,0.294240346919018,0.538378029497382
46.3148154461568,0.294982894918892,0.469443688594075
46.3795446550795,0.29478307936051,0.403847869413315
46.4442677082753,0.293636658432876,0.340089763042953
46.5089901327505,0.291561512874574,0.276726356754152
46.573717264962,0.288595461286348,0.212344106641206
46.6384539558634,0.284794964768755,0.145530296429795
46.7032043071009,0.280234707221473,0.0748499403921619
46.7679714453152,0.274992076244416,-0.00023991957998454
46.8327573772372,0.269099102768907,-0.0802631530028988
46.8975629794773,0.262589955624771,-0.166832760094865
46.9623880474921,0.25551916700615,-0.261817377697796
47.0272313657151,0.247965451817758,-0.367336379767402
47.0920908024918,0.240037137434436,-0.485700113245012
47.1569634352458,0.231879511323083,-0.619239277894123
47.2218457114799,0.223684258132211,-0.769932347018845
47.2867336514469,0.215700744491649,-0.938700945412284
47.3516230985884,0.208247976539751,-1.12423276902308
47.4165100210665,0.201742054016318,-1.30152162463233
47.4813907957375,0.196691850529354,-1.435992921532
47.5462623654336,0.193502180611126,-1.50990476420795
47.611122388864,0.192370584679157,-1.51149084980094
47.6759694289664,0.193241433625969,-1.4399011117542
47.7408031445588,0.19580754322998,-1.3053816074968
47.8056244465896,0.19955913553988,-1.12452643583315
47.8704355824089,0.203860566273898,-0.913850351664665
47.9352401162033,0.208030387267539,-0.685059595871082
48.0000427811322,0.211409737548071,-0.443064346266569
48.0648491889205,0.213446813168696,-0.202344278103458
48.1296654009256,0.213837191358111,0.0289865219539566
48.1944973995858,0.212461235241492,0.261657172520348
48.259350508473,0.209352888958196,0.507190089452956
48.3242287989996,0.20471043741691,0.777544469392492
48.3891345213093,0.198926278616614,1.08394840561188
48.4540675975251,0.192636820616691,1.43344461103962
48.5190252160246,0.186786898456993,1.82111079485996
48.584001565969,0.182682985701587,2.21725639552128
48.6489877521066,0.181971986398204,2.55667564442442
48.7139719373786,0.186423343018817,2.70674269516217
48.7789399099564,0.197200298890073,2.58991916565151
48.8438763317235,0.214221696354206,2.27978962401244
48.9087663417641,0.236336016917243,1.89364468187917
48.9735972259992,0.261829717941764,1.51863986483109
49.0383599928265,0.288846163454745,1.19343758900188
49.1030506912531,0.315587999331144,0.924415335630477
49.1676713082061,0.340373343861197,0.703709621046579
49.2322300931833,0.361635817040452,0.519279156682208
49.2967411830973,0.377918157566084,0.358746133409515
49.3612234412365,0.38816736406868,0.228893742714457
49.4256985613069,0.392632742147886,0.133977792709435
49.4901888924846,0.391996567502015,0.0635889255569334
49.5547154570695,0.387038436413601,0.0121507115187777
49.6192963251607,0.378596198067695,-0.0228578696493614
49.6839454210568,0.367534958375204,-0.0418033424474907
49.7486717947024,0.354722645938406,-0.0433832852660559
49.8134793579245,0.341012394105876,-0.02497406559418
49.8783670606128,0.327232539932381,0.0169351749276448
49.9433294668351,0.314185189646739,0.0859955587499222
50.0083576786173,0.302531296884588,0.16861936666173
50.0734403897982,0.2924375522537,0.247484127500363
50.1385646660389,0.28395108869439,0.319766135090106
50.2037165574092,0.277115292823321,0.382414667370582
50.2688816783511,0.271960529619562,0.432423079501656
50.3340457650868,0.268494879711019,0.467183077940048
50.3991952128693,0.266696229179464,0.484845349052346
50.464317593839,0.266507012805513,0.484586201292799
50.5294021548244,0.267832515295221,0.466696699745612
50.594440293239,0.270542966625052,0.432466880192981
50.6594260040819,0.274464960884711,0.38680028220267
50.7243561878959,0.279354644133089,0.334988253598299
50.7892306349425,0.284959113485147,0.279202067297104
50.8540518356859,0.291035831431665,0.221137872282555
50.9188247181187,0.297355425501102,0.161988133620347
50.9835563148723,0.303704243420985,0.102475293119687
51.0482553591989,0.309886949295728,0.0429156843700713
51.1129318096715,0.31572939735836,-0.016708982539631
51.1775963046268,0.321081955641466,-0.0766855923896697
51.2422595489132,0.325823401275495,-0.137514377706448
51.3069316421754,0.329898501663053,-0.194149569468666
51.3716214807895,0.333412209724411,-0.241616004354674
51.4363364697973,0.336512826284535,-0.280409534408641
51.5010823976227,0.339350566107413,-0.310780235048466
51.5658633634343,0.342071921651874,-0.332820584896241
51.6306817528483,0.344814901918862,-0.346543638154758
51.6955382605222,0.347705168447921,-0.351950657801273
51.7604319567313,0.350853131318544,-0.349086273826464
51.8253603939666,0.354352076543805,-0.338078735874632
51.8903197489163,0.358277377252574,-0.319163435881528
51.9553049962943,0.362669378059192,-0.29373783016124
52.0203101422776,0.367481751245008,-0.263425333359783
52.0853285488483,0.372634842359513,-0.228848384238448
52.1503532632205,0.378035961153423,-0.190549195715022
52.2153773066565,0.383582782833069,-0.148960244597823
52.2803939162084,0.389166983973116,-0.10438448224571
52.3453967352142,0.394678068036837,-0.0569844660961843
52.4103799493731,0.400007384578488,-0.00677881945187099
52.4753383664692,0.405052387350598,0.0463557016559512
52.5402674393159,0.409721208479647,0.102677805867684
52.6051632374193,0.413934769355432,0.157955018310672
52.670022473972,0.417612999367321,0.208248456330253
52.7348427554606,0.420666966437052,0.254349642588247
52.7996228859893,0.422997792314915,0.297054865337328
52.8643631197101,0.424496106977688,0.337181382352791
52.9290653539192,0.425042625124819,0.375588730825638
52.9937332594856,0.424509765715198,0.413205881044801
53.0583723457849,0.422764254891027,0.451066271122073
53.1229899583804,0.419670675905122,0.490354134724804
53.1875952093518,0.415095965454935,0.532467226147858
53.2521988339143,0.409005114742449,0.571896819341241
53.316812781017,0.401727752072076,0.600646696770161
53.3814493194099,0.393663904418336,0.616162707410259
53.4461201276455,0.385173894331657,0.615459516558999
53.5108355845624,0.376563617992004,0.595326493408752
53.5756042382714,0.368076025053958,0.552548067780994
53.640432419978,0.359891186765579,0.484101202860876
53.7053239698883,0.352137186793931,0.38729611882783
53.7702800469802,0.34491364996526,0.259863018127345
53.8352990025269,0.338329147240489,0.100062717347252
53.9003763105258,0.332522550978694,-0.0723526322153687
53.9655045988292,0.327621494033834,-0.235067194964014
54.0306738378059,0.323832046433843,-0.38493328938875
54.0958716135813,0.321436979117471,-0.517990103351789
54.1610834638001,0.320758996674848,-0.629632543841083
54.2262932918865,0.32212152481582,-0.715234560818197
54.2914838688306,0.325809560037567,-0.77110320039287
54.356637424088,0.332034951622162,-0.795453102555917
54.4217363209349,0.340911175061137,-0.789003577089437
54.4867638064305,0.352441272755517,-0.754925618011912
54.5517048277466,0.366428922570177,-0.700283893814955
54.6165470311256,0.382216254397186,-0.634827718603382
54.6812820507903,0.398973620371261,-0.565649556307677
54.7459066860012,0.415816081781764,-0.497588059580996
54.8104237347757,0.431825169921073,-0.433494224072138
54.8748424154967,0.446067203774089,-0.374724644569339
54.9391783177091,0.45761100070518,-0.32162673243336
55.0034528340076,0.465546844636127,-0.273914227680448
55.0676920430132,0.469006891640076,-0.230911708873556
55.1319250389481,0.467185454814735,-0.191677972903711
55.1961817392406,0.459599613216264,-0.156745888871853
55.2604903786607,0.446820940549555,-0.125454457044409
55.3248752899977,0.429719489112011,-0.0952931750854487
55.3893552975663,0.409191229943892,-0.0639975602103743
55.4539427345074,0.386132842773829,-0.0292784516875298
55.5186430681146,0.361422345241706,0.0113722556262168
55.5834550901018,0.33590681890799,0.0607972074085895
55.6483716081888,0.310397226131029,0.122151080380085
55.7133805637155,0.285669244439292,0.198598848569696
55.7784664961509,0.262468237190922,0.292486878749364
55.8436122654229,0.24139959907778,0.402299974254506
55.9088006377333,0.222601129639528,0.525066464811551
55.9740150921282,0.206121373340931,0.65756588215005
56.0392402313211,0.192036418201544,0.793265426885993
56.1044620990616,0.180439611233638,0.921626053210684
56.16966842755,0.171423097096322,1.02849697499585
56.2348488246346,0.165052209808382,1.09836216890538
56.2999949091574,0.161337937905463,1.11840428052338
56.3651004017219,0.16021653594452,1.08285088670059
56.4301611773201,0.161545161957428,0.995150031813063
56.4951752836765,0.165095409436907,0.867069598065766
56.5601428792118,0.170519788774439,0.715571711885114
56.6250660040275,0.177448991733807,0.556170002043421
56.6899482544334,0.185538411727343,0.399956920704627
56.7547944108569,0.194482988505837,0.25340499930412
56.8196100227378,0.204023690395168,0.119339157072609
56.8844009517317,0.213949107764548,-0.00182668877477774
56.9491728746625,0.224095156944819,-0.111044673024419
57.0139307482057,0.234344828605086,-0.209897980657793
57.0786782381959,0.244628979451683,-0.300136277793889
57.1434171311468,0.254900060293222,-0.373997085944787
57.2081470666451,0.265024888009351,-0.426091954119403
57.2728661105232,0.274821052693375,-0.461249287111538
57.3375716000764,0.284069135238063,-0.483721944073196
57.4022609055127,0.292508634916573,-0.497221597450035
57.4669320765223,0.299838841291743,-0.504986644535714
57.5315843558646,0.305722994255903,-0.509882163249582
57.5962185430773,0.309794603899997,-0.51453760021839
57.6608371945087,0.31166520427656,-0.521534824376306
57.7254446510087,0.310933106389291,-0.533673415838763
57.7900468867889,0.307322761519934,-0.551297150565921
57.8546510765054,0.301082059386155,-0.571593599186945
57.9192648198478,0.292590568305538,-0.592950516239799
57.9838953903795,0.282220944170866,-0.613502980293243
58.0485491694657,0.270329263245131,-0.630919471608488
58.1132312644365,0.257245218459835,-0.642167790396077
58.1779452970961,0.243262703189147,-0.643234191852342
58.2426933433339,0.228631514516422,-0.628756045948705
58.3074760013485,0.213551320547129,-0.591493756453279
58.3722925648734,0.198169780083166,-0.521496390278023
58.4371412761962,0.182578623512494,-0.428750338741507
58.5020195749663,0.166822295933397,-0.329284459471273
58.5669242223437,0.150971849897351,-0.218045760539603
58.6318513930307,0.135136779653603,-0.0874448671853981
58.6967967983217,0.119463611807288,0.0740374481911754
58.7617558408904,0.104138439050512,0.284120719143473
58.8267237966554,0.08939545572612,0.570104487584273
58.8916960168654,0.0755350024572411,0.972559894705917
58.9566681419882,0.0629557257795457,1.54343469690173
59.0216363180775,0.0521999407744453,2.31485884951744
59.086597404233,0.043956628538871,3.15899189990907
59.1515491174049,0.0388226685808343,3.66321612408604
59.2164900327655,0.0368329835966824,3.4161971099447
59.2814194991484,0.0371368993372194,2.54028220410108
59.3463375064717,0.0383866753643314,1.47373876687259
59.4112445036813,0.0393806337472533,0.430734653347247
59.4761411689596,0.0393585513650193,-0.641647166754581
59.5410281403758,0.0380985396280167,-1.94038831623948
59.6059057230522,0.0361595439684907,-3.68451439846841
59.6707735982448,0.0354566613603193,-5.59308983085204
59.7356305737721,0.0394159058521777,-5.89819079805459
59.8004745048995,0.0501710790631765,-4.32083334389759
59.8653025594623,0.0665887414090958,-2.74067721242569
59.930111699377,0.0866045837719866,-1.72991005413844
59.9948992609867,0.108555317694909,-1.13084968671033
60.0596635730284,0.13115714173791,-0.766640256642221
60.1244045400003,0.153324120089622,-0.533498918866504
60.189124111068,0.17406410665337,-0.375274448897384
60.2538265537725,0.192430566936275,-0.260836528340785
60.3185184579927,0.207503053693477,-0.171773272462614
60.3832084084025,0.218609531837367,-0.109482100637254
60.4479062870861,0.226012362799816,-0.0754394458348698
60.5126223270711,0.230228482737517,-0.0621268748592933
60.5773661690821,0.231795589643517,-0.066288615603041
60.6421460266829,0.231267649201623,-0.0869295336483674
60.7069679963977,0.229213088250319,-0.124237006964927
60.7718355341312,0.226215762065798,-0.17879117699024
60.836749108406,0.222878952598202,-0.250752326287855
60.901706033463,0.219832097690219,-0.338872462631723
60.9667004812924,0.21773872759244,-0.439349781763829
61.0317236772047,0.217151482537577,-0.526726500279846
61.0967644155193,0.218026058224805,-0.579539689996464
61.1618100323434,0.220103648778172,-0.599792927054438
61.2268474727592,0.223041900906055,-0.591941202240973
61.2918642685788,0.226416310105747,-0.561666204200093
61.3568494050167,0.22973141336577,-0.514625478785157
61.4217940584785,0.232436730633527,-0.455482000178028
61.4866921876151,0.233943632537394,-0.38729897825631
61.5515409624929,0.233641218291511,-0.311180737419426
61.6163410224131,0.230910987768975,-0.22591105447054
61.6810965523788,0.225292485990923,-0.142428584949701
61.7458149678014,0.216961257110359,-0.0702971347162623
61.8105059611123,0.206292072120913,-0.00539647044315262
61.8751804377869,0.193696735017958,0.0551251932782836
61.9398496151858,0.17961200265542,0.113110330917794
62.0045242939118,0.164489250938527,0.169362372231047
62.0692142915485,0.14878518634976,0.22327365424331
62.1339280206363,0.132953090954164,0.271954657173308
62.1986721869142,0.117434159724935,0.308589955817298
62.2634515803346,0.102648793836468,0.319668103121078
62.3282689331829,0.0889660996457482,0.29148124785859
62.3931248911584,0.0766366270108509,0.205320699982233
62.4580181861751,0.0658746320174437,0.0235444481251231
62.5229458698685,0.0569049562520893,-0.298528410173534
62.5879035256657,0.0500146347063648,-0.784796200166131
62.6528854557221,0.045631572643984,-1.36832651840801
62.7178848478865,0.0443672208313636,-1.82174188582493
62.7828939344401,0.0468934017953668,-1.8797519566074
62.8479041616872,0.0536791216718872,-1.54438451500602
62.9129063976148,0.0648991560681309,-1.06638540765493
62.9778912147597,0.0804106202015686,-0.644569602596478
63.0428493109203,0.0993388909910108,-0.349484192551072
63.1077721002277,0.120700590919343,-0.162156513135967
63.1726523838502,0.143571340509472,-0.0443498916537174
63.2374850241111,0.167051631495327,0.0326681874611837
63.3022675566922,0.190245616562631,0.0870717697399175
63.367000663925,0.212251529397199,0.13010171047081
63.4316884267649,0.232160491946618,0.169121965657532
63.4963382754319,0.24906196736701,0.209665181733486
63.5609605693784,0.262055001575622,0.256879069436289
63.6255677603378,0.270496458194707,0.307719005130697
63.6901732363287,0.274704816025727,0.357116253014689
63.7547902110189,0.275253568946983,0.406630758123326
63.819430790954,0.272731868052201,0.456792414921416
63.8841052243803,0.267736534562574,0.507237792552935
63.9488213602913,0.26086233618006,0.556635445387847
64.0135843309786,0.252690850257189,0.602493628483476
64.0783964561474,0.243778030132649,0.640929752755317
64.1432573547566,0.234640572862443,0.666507811579761
64.2081642422429,0.225741601767716,0.672289924469719
64.273112382591,0.217436517431004,0.658177468271309
64.3380955860236,0.209857109934818,0.627146253200964
64.4031065757449,0.203058518580541,0.576154252771942
64.4681372963471,0.19706654250202,0.502635451458799
64.5331792256509,0.191884409764878,0.40472190126838
64.5982236883967,0.187504101073275,0.281411407151852
64.6632621698092,0.183922420476107,0.132717581138197
64.7282866299177,0.181161477109904,-0.0400981100351351
64.7932898227312,0.179292586300204,-0.23407450483733
64.858265627964,0.178461642369609,-0.443777112961892
64.9232094032369,0.178857865945334,-0.635071385245429
64.9881182751889,0.180530781193873,-0.775287908700038
65.0529912060682,0.183470044585773,-0.861939678323882
65.1178289570807,0.187603179218994,-0.897211852828498
65.1826340307415,0.192764875587636,-0.887540546776376
65.2474105836173,0.198688582954148,-0.8420951635331
65.3121642913564,0.205016237045792,-0.770743703183628
65.3769021443,0.211318955665093,-0.682262045981254
65.4416321507208,0.217121649652821,-0.583226279138096
65.5063629258447,0.221926726478051,-0.477581897766976
65.5711031507366,0.225350256634731,-0.375861428007502
65.6358609605823,0.22749128573874,-0.28338698466365
65.7006434398589,0.228599146243871,-0.195549897781951
65.7654562314303,0.228953603689354,-0.109102298939738
65.830303229293,0.228861318774659,-0.021950205226977
65.8951863616065,0.228654643279898,0.0668688233629867
65.9601054704382,0.228691713024183,0.157089677062309
66.0250582934208,0.229356694927535,0.247086831026659
66.0900405524147,0.231058829428346,0.333819744058282
66.1550461552966,0.234228810869365,0.413000908624093
66.2200675211398,0.239200651954944,0.466168140233342
66.285096078104,0.245848446037119,0.480888678909873
66.3501229385299,0.253872324677017,0.462984553185828
66.4151395708936,0.262902640149807,0.419281778711552
66.4801383826424,0.272509792765247,0.356201670656278
66.5451131884099,0.282220447653285,0.27882126910863
66.6100595377612,0.291536155339545,0.190421585791718
66.6749748768831,0.2999524695302,0.0923749667916675
66.7398585219717,0.306978490488512,-0.0158231891133058
66.8047114286131,0.312158077909232,-0.136542876084135
66.8695357534869,0.315187712880044,-0.258403183484829
66.9343342824254,0.316205786429399,-0.370411794454091
66.9991099273446,0.31549118715277,-0.475777246341863
67.06386534098,0.313354104090624,-0.576391395247458
67.1286026364697,0.310123870442557,-0.673045843209119
67.1933232207337,0.306137279939079,-0.765550916971335
67.2580277448918,0.301726383121368,-0.85282232728856
67.3227161684183,0.29720517893093,-0.932996505786089
67.3873879281335,0.292855064327051,-1.00362823994169
67.4520421984871,0.288909473714177,-1.06200314606107
67.5166782257877,0.285512727631584,-1.10174796456114
67.581295710958,0.282615608400851,-1.11865619498519
67.6458951903681,0.280025339743253,-1.11458190150132
67.7104783619728,0.277435107973173,-1.09289068091289
67.7750483227133,0.274439797929048,-1.05800889950416
67.8396096897703,0.270557360145113,-1.01489123533464
67.9041685842451,0.265252292551008,-0.968609203443621
67.9687324641727,0.2579582719944,-0.924215802290284
68.0333098044826,0.248098023158429,-0.887010518680196
68.09790963456,0.23509966445422,-0.863406283119311
68.1625409543112,0.218656586898361,-0.875324156763875
68.22721196927,0.19950282348322,-0.940741846063253
68.2919291665558,0.178708240684182,-1.06597214918526
68.3566966428663,0.157420328191022,-1.26031439338999
68.4215158056298,0.13685423403025,-1.52846202892739
68.4863853783691,0.118273685443536,-1.85037588438483
68.5513016210276,0.102918387608011,-2.14297687283433
68.6162586733887,0.0918099462676076,-2.2303014599746
68.6812489385987,0.0854438846413524,-1.91043936458213
68.7462634438105,0.0836446987987854,-1.13409748200692
68.8112921488504,0.0857650031896351,-0.209948383867122
68.876324279898,0.0908400517125971,0.516251946776929
68.941348806774,0.098410437528299,0.971468516095717
69.0063549534595,0.108325725048674,1.17986794725273
69.0713327069747,0.120389176318271,1.20942361366217
69.136273339365,0.134201265048362,1.13441950229281
69.2011699305206,0.149152812209809,1.01300926197419
69.2660178563829,0.164480042788699,0.881343140942039
69.3308151909706,0.179323384246613,0.757844486919338
69.3955629617007,0.192770052720084,0.649908132503058
69.4602651949612,0.204039765995972,0.56122532589676
69.5249286854216,0.212981772259431,0.486849183629663
69.5895625158119,0.219610480067057,0.419159908068472
69.6541774814924,0.223945914381264,0.352747473081835
69.718785481865,0.226013902752657,0.283198326389491
69.7833988949687,0.225848204814881,0.206316531240788
69.8480299497634,0.223494457616995,0.117497899721949
69.9126901104994,0.219016533645115,0.0110882219019847
69.9773894878008,0.212506735491712,-0.120404955111438
70.0421362916845,0.204102490325449,-0.287359461924797
70.1069363434803,0.194081311792524,-0.483332460558131
70.1717926888173,0.183080050670804,-0.696477491975727
70.2367053994034,0.171874964991805,-0.927329221460997
70.3016715810026,0.161301342229029,-1.16634021180708
70.3666855596295,0.152225028771607,-1.38840368149314
70.4317392179792,0.145476439420609,-1.55103101148928
70.4968224507747,0.141738653339379,-1.60421302438246
70.5619237071272,0.141418665116471,-1.51405614542608
70.6270305905179,0.144575525062777,-1.28440806477725
70.6921304924796,0.150970333381018,-0.954892404378146
70.7572112440904,0.16011256653994,-0.613376121347177
70.8222617662157,0.171139119021303,-0.329339736202583
70.8872726568998,0.183269896667884,-0.108873312464239
70.9522366699852,0.195877225662563,0.0556861911581631
71.0171490803795,0.208424453085587,0.176097057702167
71.0820079284355,0.220419634723536,0.263873635249338
71.1468141289141,0.231386699088591,0.328883216307686
71.2115714261263,0.240850654689049,0.379240409089533
71.2762861761745,0.248332755529113,0.421701090877922
71.3409669398338,0.253352396036073,0.46224813606889
71.4056238766754,0.255575406142019,0.502291205003888
71.4702679821827,0.255241441700307,0.539112034029562
71.5349103379065,0.252727683886399,0.571800858859917
71.5995614804508,0.248398258482292,0.598761341630135
71.6642308984856,0.242595546477041,0.617698971741777
71.7289266581243,0.235631138528522,0.625580642108229
71.7936551503323,0.227777323354081,0.618579552745436
71.8584209486112,0.219260267489853,0.59199996716961
71.9232267617286,0.210256417396263,0.540151525467679
71.988073464766,0.200894151472918,0.456114521857213
72.0529601920478,0.191257893009699,0.349176608305218
72.1178844734704,0.181403253406025,0.231572878988323
72.1828423953588,0.171408636527552,0.0990319429358542
72.2478287873219,0.161387779242825,-0.0535055609138999
72.3128374407935,0.151495724834922,-0.231603303508326
72.3778613613002,0.141938411149753,-0.440460372297595
72.4428930555923,0.132985501132335,-0.68288449002423
72.5079248542966,0.124984002161617,-0.955387123554872
72.572949270524,0.118365878299122,-1.2422358155303
72.6379593948689,0.113636430662905,-1.50976952395485
72.7029493246599,0.111242667161344,-1.68306641518005
72.7679145545824,0.111181715173633,-1.71126824601373
72.8328521857608,0.113090524233112,-1.61251277193605
72.897761019709,0.116338544852546,-1.4316338941244
72.9626415806109,0.120121816019271,-1.21601934649091
73.0274960463836,0.123566264877825,-0.999242791757821
73.0923280676206,0.125799635063663,-0.797939533181739
73.1571424585972,0.125987053410947,-0.615571060271569
73.2219447533872,0.123342486487154,-0.446391839948085
73.2867406327534,0.117129076497551,-0.27595159752895
73.3515352465341,0.106823488968328,-0.0965885223434506
73.4163325511839,0.0926181116607934,0.118314779179995
73.4811348896026,0.0749283367056966,0.468581111851694
73.5459428123803,0.0542621871967252,1.29476748182642
73.6107551040469,0.0315129335796288,4.65991584626987
73.6755690154425,0.0126141386201841,32.3341252004354
73.7403806924988,0.028184709299269,6.83828289190821
73.8051857803396,0.0564452900300146,1.74416823643707
73.8699801720618,0.0868440821707197,0.740755557777092
73.9347608636446,0.118224708538401,0.399813268982809
73.9995268695773,0.150075477946812,0.248233001181194
74.0642801442385,0.182230311156309,0.1680217144546
74.1290264780608,0.214595568879146,0.120626625890589
74.1937763926084,0.247062847987669,0.0903835102933069
74.2585460397543,0.279499147504146,0.0699618346339267
74.3233580943889,0.311740881962841,0.0555620387666482
74.3882426268923,0.343590010032829,0.0450560638975013
74.4532379386415,0.374812069621151,0.037177223675284
74.5183913408157,0.405136394654622,0.0311335822381824
74.583759854017,0.4342589401626,0.0264095435532531
