s,curvature,torsion
0,0.158898769653074,0.0459386332721296
0.0642957228011465,0.158522488924594,0.0465916332404748
0.128492965776767,0.158129856598962,0.0472474595497803
0.192595477537579,0.157721496368305,0.0479060191141
0.256606914473224,0.157298040009285,0.0485672174485216
0.320530840905962,0.156860126316612,0.0492309584857584
0.384370729296602,0.156408400057715,0.0498971443726496
0.448129960501614,0.155943510949707,0.0505656752617273
0.511811824080627,0.155466112662681,0.0512364490882058
0.575419518652623,0.154976861850536,0.0519093613307047
0.638956152299897,0.154476417212271,0.0525843047708595
0.702424743020087,0.153965433916915,0.0532579781234345
0.765828219265964,0.153444547705977,0.0539269880497044
0.829169420635288,0.152914386268598,0.0545910880233548
0.892451098641803,0.152375572853157,0.0552500327809195
0.955675917523833,0.151828725507757,0.0559035783206021
1.01884645508698,0.151274456362082,0.0565514818930745
1.0819652035795,0.150713370950395,0.0571935020006133
1.14503457059845,0.150146067576342,0.0578293984004251
1.20805688002476,0.149573136718624,0.0584589321002715
1.2710343729858,0.148995160477529,0.0590818653733489
1.33396920884717,0.148412706064292,0.0596934722760869
1.39686346632949,0.147826305168178,0.0602889203300428
1.45971914490063,0.147236467721619,0.0608678202661486
1.52253816628488,0.146643686950573,0.0614297929116632
1.58532237598853,0.146048439012872,0.0619744696225542
1.64807354483607,0.145451182682812,0.0625014927125728
1.71079337051432,0.144852359079145,0.0630105158818123
1.77348347912332,0.144252391436321,0.0635012046433454
1.8361454267308,0.14365168491568,0.0639732367403865
1.89878070092876,0.143050626456183,0.0644263025566945
1.96139072239553,0.142449572938793,0.0648597756876908
2.02397684659805,0.141848813366139,0.065273115745869
2.08654036584776,0.141248599526351,0.0656661698919011
2.14908251148308,0.140649157147319,0.0660388097428008
2.21160445603812,0.140050686015455,0.0663909318524109
2.27410731539015,0.139453360133685,0.0667224581409879
2.33659215088291,0.138857327916123,0.0670333362820282
2.3990599714244,0.13826271241727,0.0673235400273281
2.46151173555691,0.137669611594658,0.0675930694811787
2.52394835349708,0.137078098601993,0.0678419513189855
2.58637068914957,0.136488195747432,0.0680737509701237
2.64877956221859,0.135899793693423,0.0682923634757074
2.71117575060834,0.135312727448518,0.0684983604793055
2.7735599928965,0.134726802881539,0.0686923544283579
2.83593299074858,0.13414179742779,0.0688749987099371
2.89829541126715,0.133557460821805,0.069046987786138
2.96064788927392,0.132973515853533,0.069209057332738
3.02299102952394,0.132389659148068,0.0693619844005212
3.08532540885,0.131805561964722,0.0695065876121481
3.1476515782367,0.131220871015643,0.0696437274010152
3.20997006482552,0.130635181571199,0.069777357132486
3.27228137392092,0.130047954077881,0.069911789844044
3.33458599110105,0.129458596520342,0.0700485004547685
3.39688438430554,0.12886649304656,0.0701890230843998
3.45917700582598,0.128271005149763,0.0703349529412843
3.52146429419476,0.127671472861013,0.0704879485631548
3.58374667597309,0.127067215949448,0.0706497344709474
3.64602456743727,0.126457535129554,0.0708221042700229
3.70829837616404,0.125841713273506,0.0710069242625073
3.77056850251399,0.125219016626162,0.0712061376086454
3.83283534101462,0.124588690120568,0.0714186188873218
3.89509928163474,0.123949940723259,0.0716432952965052
3.95736071093932,0.123301956081357,0.0718823175839838
4.01962001313325,0.12264391162819,0.0721379324958403
4.08187757100067,0.121974971823837,0.0724124898371526
4.14413376674243,0.12129429138731,0.0727084505186577
4.20638898271104,0.120601016518761,0.0730283957188083
4.26864360204633,0.119894286111054,0.0733750372467253
4.33089800921213,0.119173232948564,0.0737512292810879
4.39315259043615,0.118436984893021,0.0741599816198639
4.45540773405223,0.117684688571158,0.0745924528737875
4.51766383068367,0.116915578037317,0.0750393352920656
4.57992127317283,0.116128908149554,0.0755031693073768
4.64218045637265,0.115323932866228,0.0759866450898382
4.70444177686842,0.114499906032886,0.0764926165987195
4.76670563263459,0.113656082146807,0.0770241174799385
4.82897242262957,0.112791717099247,0.0775843790429812
4.8912425463311,0.111906068894399,0.0781768505921646
4.95351640321468,0.110998398345111,0.0788052224310257
5.0157943921789,0.110067969745403,0.0794734519169304
5.07807691091548,0.109114104028754,0.0801716453904764
5.14036435511791,0.108136337244653,0.0808889369258019
5.20265711736615,0.107134263915824,0.0816281945851117
5.26495558589276,0.106107484587198,0.0823925061772029
5.3272601433477,0.105055605753186,0.0831852039164717
5.38957116557126,0.103978239768454,0.0840098923879969
5.45188902037655,0.102875004743818,0.0848704803102962
5.51421406634611,0.101745524428612,0.0857712167125149
5.57654665164451,0.100589428082271,0.0867167322112882
5.63888711285126,0.0994063503368674,0.0877120862226542
5.70123577381227,0.0981960010530668,0.0887541795244736
5.76359294439515,0.0969583758409894,0.0898388370056263
5.8259589189788,0.0956935467675605,0.090970136019712
5.88833397489618,0.094401591707818,0.0921525627211977
5.95071837095712,0.0930825935112649,0.0933910647164684
6.01311234605854,0.091736639193025,0.0946911116634373
6.07551611788339,0.0903638191539076,0.0960587652165564
6.13792988169058,0.0889642264349189,0.0975007600291024
6.20035380919754,0.0875379560113523,0.0990245978306171
6.26278804755692,0.0860851041333648,0.100638657094109
6.32523271842413,0.08460585644983,0.102360971826726
6.38768791699283,0.08310075572418,0.104209755065573
6.45015371081576,0.0815704385180987,0.106195245420485
6.51263013864194,0.0800155460262333,0.108328956131843
6.5751172094026,0.0784367232142307,0.110623859509469
6.63761490134931,0.0768346180911794,0.113094603882218
6.70012316134341,0.0752098811296535,0.115757769703253
6.76264190429507,0.0735631648495467,0.118632172988629
6.82517101275043,0.0718951235846268,0.121739226300899
6.88771033662442,0.0702064134540809,0.125103369873695
6.95025969307534,0.0684977659980938,0.128780583718899
7.01281886645159,0.0667702121246643,0.132832496382668
7.07538760821267,0.0650248682073714,0.137298498182549
7.13796563694826,0.0632628647305541,0.142223903183236
7.20055263856257,0.0614853480843702,0.147660997138925
7.26314826662176,0.05969348295561,0.153670306968369
7.32575214285953,0.0578884554189019,0.160322145548845
7.38836385783548,0.0560714768600279,0.167698500294001
7.45098297173964,0.0542437888989209,0.175895353270306
7.51360901533915,0.0524066695248228,0.185025545596808
7.57624149105891,0.0505615018756405,0.195257615502935
7.63887987417565,0.0487099710044919,0.206787959024502
7.70152361410141,0.046853899312839,0.219809479975136
7.76417213578552,0.0449952020472137,0.234551998040254
7.82682484124621,0.0431359069068062,0.251290497572896
7.88948111122296,0.0412781785522606,0.27035543835079
7.95214030694166,0.0394243493776178,0.292145658619792
8.01480177198361,0.0375769583440961,0.317144513791298
8.07746483424893,0.0357388002608025,0.34594000062503
8.14012880800594,0.03391298868106,0.37924967674275
8.2027929960161,0.0321030768925933,0.417997445584186
8.2654566916955,0.0303132899530829,0.463308322846365
8.32811918126049,0.0285485527433308,0.516498065208063
8.39077974589866,0.0268146299320079,0.579155963026292
8.4534376639869,0.025118356490981,0.653175066843192
8.51609221334593,0.0234679329865164,0.740753581935685
8.57874267352205,0.0218732977938085,0.844328844351857
8.64138832808588,0.0203465819465443,0.966373629476787
8.70402846693645,0.0189026333334603,1.10893773247089
8.76666238860201,0.017559553465416,1.2727656904381
8.829289402527,0.0163390804758763,1.45591318034104
8.89190883135334,0.0152665396774263,1.65161251753873
8.95452001321365,0.0143701182981416,1.84591991338753
9.01712230399762,0.0136786669023183,2.01695676257181
9.07971507956477,0.013217766043831,2.1378872985115
9.14229773789525,0.0130046150056421,2.18497928939119
9.20486970117035,0.0130434627869838,2.14772856732417
9.26743041777582,0.013323806107706,2.03408018204692
9.32997936421929,0.0138224264306563,1.86640227608841
9.39251604695562,0.0145082077936868,1.67161329138329
9.45504000411259,0.0153474867748376,1.47278454668471
9.517550807127,0.0163082282149148,1.2851070641511
9.58004806231076,0.0173622410134216,1.11616122369779
9.64253141231812,0.0184858470440538,0.968382542255954
9.70500053749527,0.019659685564815,0.841226825523795
9.76745515710804,0.0208681333151684,0.732725335670382
9.82989503044457,0.0220986318274076,0.640420486472404
9.89231995779084,0.0233410618756987,0.56185790299157
9.95472978127546,0.0245872155297298,0.494809029961051
10.0171243855821,0.0258303722183385,0.437346890386927
10.0795036985269,0.0270650294966953,0.387976462582255
10.1418676915094,0.0282868483056534,0.345438578724703
10.2042163798522,0.0294922889977701,0.308577068104968
10.2665498230244,0.0306783921523481,0.276447549889816
10.3288681247379,0.0318426554980044,0.248278318367271
10.3911714329225,0.0329829395955097,0.223437377451606
10.4534599395769,0.0340973951945213,0.201405398723784
10.5157338804998,0.0351844069788492,0.181753868627559
10.5779935349017,0.0362425497636328,0.16412756881393
10.6402392248999,0.0372705542082099,0.148230580737305
10.7024713148966,0.0382673347960472,0.133893916604572
10.7646902108286,0.0392321376490097,0.120975297146358
10.8268963592687,0.0401643648208508,0.109282637646113
10.8890902464164,0.0410635042629828,0.0986537394110402
10.9512723969992,0.041929116738577,0.0889509724615705
11.0134433730885,0.0427608252977312,0.0800569941719647
11.0756037728347,0.0435583067813441,0.0718712869931601
11.1377542291246,0.0443212849407904,0.0643073460092154
11.199895408166,0.0450495248505842,0.0572903839147643
11.2620280080016,0.0457428283609615,0.0507554495762165
11.3241527569566,0.046401085862219,0.0447080784973876
11.3862704119707,0.0470244410098418,0.0391559200299703
11.448381756746,0.0476131235763309,0.034049158759735
11.5104875998043,0.0481673911231741,0.0293444919772125
11.5725887725115,0.048687526251129,0.0250041828707292
11.6346861270765,0.0491738342663388,0.0209952705723027
11.6967805345278,0.049626641184292,0.0172889086607318
11.7588728826722,0.0500462920087425,0.0138598093200475
11.8209640740411,0.0504331492345622,0.0106857746662693
11.8830550238261,0.050787591532554,0.00774730040194001
11.945146657806,0.0511100853923548,0.00508182481458791
12.0072399101906,0.0514014025731315,0.00272717392373084
12.0693357212679,0.0516624005618556,0.000668201266559011
12.1314350349966,0.0518939483651785,-0.00110787180676299
12.193538796633,0.0520969252185474,-0.00261173010097958
12.2556479503944,0.0522722194376531,-0.00385219950985398
12.3177634371663,0.0524207273999379,-0.00483644929339295
12.3798861922536,0.0525433526472911,-0.00557016707082663
12.4420171431786,0.0526410051043571,-0.00605771098218389
12.5041572075301,0.0527146004091901,-0.00630224273989656
12.56630729086,0.0527651264201937,-0.00627173675534849
12.6284682845503,0.0527938437102558,-0.00593326187139512
12.6906410635287,0.0528020835953335,-0.00528700329473257
12.7528264839805,0.0527911808382733,-0.00433221146739645
12.8150253811398,0.0527624736965304,-0.00306734796389574
12.8772385671684,0.0527173041984549,-0.00149022597868184
12.9394668291189,0.0526570186578326,0.000401852070412666
13.0017109269874,0.052582968437528,0.00261195751621045
13.0639715918521,0.052496510971666,0.00514339688606875
13.1262495241021,0.0523990110565239,0.0079995697941846
13.1885453917501,0.0522918734331094,0.0111719693766934
13.2508598287508,0.0521766376844081,0.0146516664940313
13.313193433198,0.0520548873091333,0.018440984840923
13.3755467655372,0.0519282210801207,0.0225415325083535
13.4379203468765,0.0517982556963936,0.0269540056642212
13.5003146574001,0.0516666287100502,0.0316779807440826
13.5627301348841,0.0515350017159178,0.0367116950371628
13.6251671733138,0.0514050637849482,0.0420518162037326
13.6876261216053,0.0512785351159087,0.0476932018250791
13.7501072824288,0.0511571708706553,0.0536286508463693
13.8126109111373,0.0510427211943888,0.0597625357507768
13.8751372148044,0.0509368006294019,0.0659971877751142
13.9376863513764,0.0508410182048895,0.0723190572624555
14.0002584289226,0.0507570225852913,0.0787124029202699
14.0628535049764,0.0506865036551248,0.085159220208708
14.1254715859702,0.0506311938536523,0.0916391948627547
14.1881126267633,0.0505928692004469,0.0981296876971098
14.2507765302665,0.0505733499530908,0.104605757152235
14.3134631471639,0.050574500836903,0.111040226038229
14.3761722757355,0.0505982307899106,0.117403798716455
14.4389036617796,0.0506464281494884,0.123582712908913
14.5016569985877,0.0507207622274715,0.129465255578848
14.5644319268842,0.0508228639688541,0.135023723365748
14.6272280348044,0.0509543848071811,0.140230740677875
14.690044857961,0.0511169923098056,0.145059678490003
14.752881879603,0.051312365510301,0.149485095450417
14.8157385308726,0.0515421899811217,0.153483191250628
14.8786141911608,0.0518081527117905,0.157032260541795
14.9415081885675,0.0521119368684589,0.160113134443061
15.0044198004684,0.0524552165198425,0.162709595845307
15.0673482541962,0.0528395353401724,0.164712019808595
15.1302927278922,0.0532659433681104,0.16602484185027
15.1932523516042,0.0537353232467779,0.166659179124112
15.2562262085237,0.0542485000966365,0.166631079718246
15.3192133363054,0.0548062388030799,0.165961268926792
15.3822127284691,0.0554092423253988,0.164674801534439
15.4452233358873,0.0560581510133126,0.162800632034513
15.5082440683597,0.0567535428936855,0.160371117712041
15.5712737962789,0.0574959348690563,0.157421471531031
15.634311352388,0.0582857847508941,0.153989182915052
15.6973555336401,0.0591233608875157,0.150074083885838
15.7604051032745,0.0600083403600394,0.145685460777708
15.8234587932767,0.0609402031203402,0.14087593966115
15.8865153070104,0.0619183698939704,0.135697061883782
15.9495733218949,0.0629422087889617,0.130198671753909
16.012631492127,0.0640110420562137,0.124428407757762
16.0756884514422,0.0651241528534726,0.118431298062515
16.1387428159184,0.0662807918858274,0.112249457190855
16.2017931868183,0.0674801838170436,0.105921877618363
16.2648381534713,0.0687215333673881,0.0994843077488142
16.3278762962,0.0700039131370346,0.0929865259800658
16.3909061894573,0.071325913360561,0.0864756395878213
16.4539264054199,0.0726859971725295,0.0799778941315987
16.5169355177354,0.0740826223118011,0.0735156800252439
16.5799321052426,0.0755142448336097,0.067107789371133
16.6429147556532,0.0769793222887557,0.0607696950266005
16.7058820691887,0.0784763164054138,0.0545138407856634
16.7688326621684,0.0800036953160377,0.048349933602782
16.8317651705432,0.0815599353769162,0.0422852307177754
16.8946782533673,0.083143522628571,0.0363248162005686
16.9575705962128,0.0847528653707325,0.0305144749528855
17.0204409147283,0.0863860266780026,0.0248946768300338
17.0832879586489,0.088040985562836,0.0194600402265357
17.1461105158912,0.0897157241192919,0.0142040300877003
17.2089074165048,0.0914082266210861,0.00911919203933555
17.2716775364635,0.0931164786094538,0.00419735524615942
17.3344198012861,0.0948384660162513,-0.000570193600224662
17.3971331894763,0.0965721743623299,-0.00519256257979259
17.4598167357709,0.0983155880700444,-0.00967913052651808
17.5224695341861,0.100066689923321,-0.0140394441204827
17.5850907408606,0.101823437582533,-0.0182402717712931
17.6476795768958,0.103583689493646,-0.0222519786987164
17.7102353315194,0.105345265700409,-0.026089230617419
17.7727573652116,0.107105968834407,-0.0297662071444265
17.8352451125688,0.108863583403935,-0.0332965877003961
17.8976980848806,0.110615875449549,-0.0366935480906371
17.9601158724105,0.11236059257822,-0.0399697657997062
18.0224981463673,0.114095464384764,-0.0431374323454241
18.0848446605539,0.115818203269384,-0.0462082712908509
18.1471552526823,0.117526505659509,-0.0491935607507907
18.2094298453519,0.119218105265699,-0.0520679532992219
18.271668446884,0.12089092440654,-0.0548076344342026
18.3338711523503,0.122542911132444,-0.0574253128177824
18.3960381444765,0.124171987659115,-0.0599330099214492
18.4581696942133,0.12577605217174,-0.0623421161731086
18.5202661609554,0.127352981045184,-0.0646634450915554
18.5823279924001,0.128900631471339,-0.0669072854352852
18.644355724035,0.13041684448378,-0.0690834514153153
18.7063499782478,0.131899448369454,-0.071201331086572
18.7683114630488,0.13334626245587,-0.073269933044305
18.8302409704065,0.134755219320503,-0.0752678715379761
18.8921393743845,0.136124717535125,-0.0771737376419383
18.9540076294172,0.13745326102217,-0.0789958705113442
19.0158467684758,0.138739342719077,-0.0807421497708447
19.0776579009414,0.139981447930098,-0.0824200462926577
19.1394422101761,0.141178057900191,-0.0840366690516959
19.2012009507897,0.142327653590779,-0.0855988085483585
19.2629354455991,0.143428719635581,-0.0871129772659994
19.3246470822801,0.144479748455093,-0.0885854475698929
19.3863373097099,0.145479244506898,-0.0900222874392563
19.448007634006,0.146425869609412,-0.0914092072198654
19.5096596144144,0.147318865182757,-0.0927309016662277
19.5712948593371,0.148157623975113,-0.0939915980974226
19.6329150223363,0.148941550271635,-0.0951953029059264
19.6945217979888,0.149670062211643,-0.0963458304676333
19.7561169175872,0.150342594072672,-0.0974468294859321
19.8177021446914,0.150958598508177,-0.0985018071352824
19.8792792705343,0.151517548723955,-0.0995141512719845
19.9408501092844,0.152018940582652,-0.100487151009877
20.0024164931707,0.152462294620116,-0.101424015874266
20.0639802674771,0.152847302975839,-0.102316162842262
20.1255432855215,0.153174262257453,-0.10315353199086
20.187107403852,0.15344363226535,-0.103936988180036
20.2486744775689,0.153655889490462,-0.104667298576111
20.3102463556905,0.153811526385229,-0.105345143509657
20.371824876561,0.153911050516336,-0.105971125975068
20.4334118633052,0.153954983607115,-0.106545779913478
20.4950091193336,0.153943860476395,-0.10706957732561
20.5566184238994,0.153878227881691,-0.107542934358742
20.6182415277122,0.153758643274089,-0.107966216386542
20.6798801486098,0.153585792865896,-0.108342372195222
20.7415359673108,0.153360848067205,-0.108672962812489
20.8032106233221,0.153085104511425,-0.108956196267082
20.8649057110398,0.152759859519548,-0.109190225471845
20.9266227760437,0.152386408938133,-0.109373145953582
20.9883633115858,0.151966043974991,-0.10950299308885
21.0501287552707,0.151500048050166,-0.109577738822898
21.1119204859286,0.150989693679502,-0.10959528782523
21.1737398206783,0.150436239407145,-0.10955347304125
21.2355880121781,0.149840926801276,-0.109450050584418
21.2974662460594,0.149205070316462,-0.10930203251179
21.3593756384479,0.148530337319339,-0.109125552263314
21.4213172334579,0.147818474297925,-0.108916950144644
21.4832920008524,0.147071211383488,-0.108672509316645
21.5453008339719,0.146290258595372,-0.108388445949264
21.6073445479305,0.145477302223126,-0.108060899576574
21.669423878075,0.144634001356832,-0.107685923557967
21.7315394787007,0.143761984576437,-0.107259475604256
21.7936919220205,0.142862846810722,-0.106777408293838
21.8558816973782,0.141938146371614,-0.106235459534127
21.9181092106968,0.140989438230006,-0.105647965935606
21.9803747840385,0.140018384615302,-0.105029193965567
22.0426786550946,0.139026652964257,-0.104374613377555
22.1050209768065,0.138015878350547,-0.103679590900378
22.1674018172321,0.136987660870205,-0.102939380353627
22.2298211596555,0.135943563207933,-0.102149113097527
22.292278902933,0.134885108388608,-0.101303788834869
22.3547748620688,0.133813777710049,-0.10039826672115
22.4173087690106,0.132731008859148,-0.0994272567828349
22.479880273661,0.131638194209281,-0.0983853116155607
22.5424889450877,0.130536745666199,-0.0972980132457534
22.6051342727992,0.129428298957517,-0.0961911071573251
22.6678156678875,0.12831452431353,-0.0950591978595559
22.7305324642768,0.127197059742992,-0.093896791228909
22.7932839202071,0.126077509149704,-0.0926982896724871
22.8560692199515,0.124957440598117,-0.0914579887522478
22.9188874757603,0.123838384721677,-0.0901700754179334
22.9817377300235,0.122721833265419,-0.0888286279355943
23.0446189576438,0.121609237759823,-0.0874276176362676
23.1075300686133,0.120502008315899,-0.0859609125998167
23.1704699107793,0.119401506467991,-0.084453952837252
23.2334372726177,0.118309033095048,-0.0829334992609105
23.2964308857279,0.117225858012122,-0.0813953119726703
23.3594494273202,0.116153226605256,-0.0798351349950434
23.4224915228609,0.115092358655029,-0.0782487027273767
23.4855557488788,0.114044447215679,-0.0766317480686547
23.5486406359267,0.113010657541552,-0.0749800122808611
23.6117446716928,0.111992126058313,-0.0732892566651444
23.6748663042573,0.110989959374226,-0.0715552760882198
23.7380039454895,0.110005233330607,-0.0697739144074634
23.8011559745737,0.109038960323611,-0.0679677373967948
23.864320741522,0.108091998329564,-0.0661608745629999
23.9274965704368,0.10716515435527,-0.0643516357872498
23.9906817627296,0.106259216475007,-0.0625384365473998
24.0538746004298,0.105374952802279,-0.0607198077636689
24.1170733495841,0.104513110475237,-0.0588944059181876
24.1802762637465,0.10367441465832,-0.057061023382489
24.2434815875552,0.102859567565942,-0.05521859883785
24.306687560395,0.102069247513334,-0.0533662276825897
24.3698924201414,0.101304108003892,-0.0515031722846643
24.4330944069828,0.100564712668936,-0.0496446765791727
24.496291767193,0.0998513454043207,-0.0478072850438924
24.5594827566474,0.0991642084151974,-0.0459924286611689
24.6226656442464,0.0985034866967862,-0.0442016518959419
24.6858387153619,0.0978693474950526,-0.0424366093781244
24.7490002753114,0.0972619398244546,-0.040699061544162
24.8121486528596,0.0966813940517654,-0.0389908692065055
24.8752822037479,0.0961278215547288,-0.0373139870633724
24.9383993142519,0.0956013144665979,-0.0356704561751282
25.0014984047661,0.0951019455148001,-0.0340623954506318
25.0645779334141,0.0946296786336311,-0.0324934095549586
25.1276363995782,0.0941841032154432,-0.0309676807961434
25.1906723471623,0.0937647062151234,-0.0294882240398599
25.2536843677218,0.0933709625518813,-0.0280580144497988
25.3166711035568,0.0930023357128644,-0.0266799769570052
25.3796312507737,0.0926582784193871,-0.0253569761506427
25.4425635623165,0.0923382333560619,-0.0240918066824961
25.5054668509702,0.0920416339643443,-0.0228871842537936
25.5683399923363,0.09176790529844,-0.0217457372611464
25.631181927783,0.0915164649456011,-0.0206699991066116
25.6939916673651,0.0912866275991213,-0.0196522970426362
25.7567682926028,0.0910773185627958,-0.0186849743012856
25.819510958914,0.0908873670735909,-0.0177704113928838
25.8822188978517,0.0907156043157718,-0.0169108542711403
25.9448914192491,0.0905608645821596,-0.0161084162285847
26.0075279132807,0.0904219864078386,-0.015365081031611
26.0701278524398,0.0902978136788023,-0.0146827071905339
26.1326907934333,0.0901871967144258,-0.0140630332270889
26.1952163789961,0.0900889933290297,-0.0135076838259789
26.2577043396247,0.0900020698714339,-0.0130181766964923
26.3201544952261,0.0899252281156372,-0.0125787118317132
26.382566756526,0.0898569855287509,-0.0121733320535652
26.4449411259742,0.0897958014324843,-0.0118031878597213
26.5072776983673,0.0897401522154131,-0.0114693614864094
26.5695766613395,0.089688531941049,-0.011172874788895
26.6318382957266,0.0896394529238199,-0.0109146975070275
26.6940629758053,0.0895914462829786,-0.0106957558474071
26.7562511694078,0.0895430624837193,-0.0105169413095777
26.8184034379128,0.0894928718741438,-0.0103791197154636
26.8805204361136,0.0894394652259478,-0.0102831404046639
26.9426029119556,0.0893814369346568,-0.0102237019332319
27.0046517059498,0.0893173352284935,-0.0101954603236446
27.066667749948,0.0892457175221488,-0.0101991997218112
27.1286520655824,0.0891651682451989,-0.0102357178992685
27.1906057625664,0.0890742989017738,-0.0103058345109345
27.2525300368633,0.0889717481697554,-0.0104103995642321
27.3144261687247,0.0888561820459529,-0.0105503021823071
27.3762955206018,0.0887262940364488,-0.0107264796864816
27.4381395349284,0.0885808053951501,-0.0109399271023779
27.4999597317798,0.0884184654098731,-0.0111917071177528
27.5617577063996,0.0882381052068269,-0.0115055797091467
27.6235351263749,0.0880388002068605,-0.0119056964141704
27.685293728118,0.0878197126543585,-0.0123938836685361
27.7470353130288,0.0875800382264046,-0.0129721412056545
27.8087617435665,0.087319005709686,-0.0136426606508066
27.8704749392434,0.087035876726673,-0.014407845509496
27.932176872543,0.0867299455060693,-0.015270332797962
27.9938695647671,0.0864005386932465,-0.0162330165382118
28.0555550818148,0.086047015197044,-0.0172990734615204
28.1172355298972,0.0856687660698323,-0.0184719912386556
28.1789130511836,0.0852653283212599,-0.0197929146579305
28.2405898191838,0.0848367275535938,-0.0213039350370061
28.3022680335723,0.0843831375460126,-0.023010553219278
28.3639499148138,0.0839047658305238,-0.0249187445770405
28.4256376988063,0.0834018529915591,-0.0270349846002207
28.4873336315512,0.0828746720815805,-0.0293662771616207
28.5490399638563,0.0823235281637004,-0.0319201856535125
28.6107589460748,0.0817487579915468,-0.0347048670439403
28.6724928228838,0.08115072984399,-0.037729108991895
28.734243828107,0.0805298435261142,-0.041002370042077
28.7960141795797,0.0798866176717815,-0.0445773267526606
28.8578060739355,0.0792219523291337,-0.0485081716877258
28.9196216811379,0.0785368698486678,-0.0528077029128583
28.9814631389817,0.0778324291989693,-0.0574894275144213
29.0433325477024,0.0771097276732853,-0.0625675473602622
29.1052319646973,0.0763699031215287,-0.0680569355137296
29.1671633993631,0.0756141367544036,-0.0739731003368367
29.2291288080522,0.0748436565640019,-0.08033213376779
29.2911300891489,0.0740597414100733,-0.0871506394352889
29.3531690782689,0.0732637258203453,-0.0944456354599772
29.4152475435787,0.0724570711175763,-0.102256952702844
29.4773671811053,0.0716415691566225,-0.110623932161014
29.5395296098407,0.0708191543640982,-0.119562582068017
29.6017363668718,0.0699918472107514,-0.129087902866429
29.663988902674,0.0691617642075102,-0.139213408931295
29.7262885765742,0.0683311290196391,-0.14995055099448
29.7886366523862,0.0675022846931966,-0.161308024258103
29.8510342942199,0.0666777069600249,-0.173290946891955
29.9134825624653,0.065860018550546,-0.185899894077097
29.9759824099547,0.0650520043990825,-0.199129774568471
30.0385346783051,0.064256621857882,-0.212935535661271
30.1011400944441,0.063476994979388,-0.227262473529536
30.163799267321,0.0627164383657925,-0.242078490668588
30.226512684807,0.061978475537152,-0.257340159872269
30.2892807107827,0.0612668518044447,-0.272991041216546
30.3521035824208,0.0605855456170199,-0.288959982119719
30.4149814076647,0.0599387776735631,-0.305159485338448
30.4779141629097,0.0593310169769736,-0.321484258662681
30.5409016908907,0.0587669829229979,-0.337810090826768
30.6039436987826,0.0582516424502696,-0.353993227647997
30.6670397565252,0.0577901032882425,-0.369790714803704
30.7301892954946,0.0573872839505889,-0.384950596817022
30.7933916077021,0.0570481469364965,-0.399292487520478
30.8566458453163,0.0567777575113228,-0.412627723204607
30.9199510203939,0.0565812428212862,-0.424763983813274
30.9833060048198,0.0564637449588589,-0.435510943628581
31.0467095304661,0.0564303689609752,-0.444686774205243
31.1101601895779,0.056486127189598,-0.452125201863679
31.1736564353952,0.0566358819918941,-0.457682708598405
31.2371965830204,0.0568842888980333,-0.461245378051849
31.3007788105536,0.057235543982436,-0.462655396290038
31.364401160767,0.057692707242893,-0.461825848578832
31.4280615437224,0.0582582082050379,-0.458808446375478
31.4917577398692,0.058934018363996,-0.453697652634623
31.555487403358,0.0597216466752838,-0.446626701653022
31.6192480655621,0.0606221483643387,-0.437761784443734
31.6830371388169,0.0616361460768944,-0.427294893999354
31.7468519203821,0.0627638617394463,-0.415435913842559
31.8106895966353,0.0640051570190121,-0.402404547618421
31.8745472475032,0.0653595800026008,-0.388422633247996
31.9384218511563,0.0668261626369074,-0.37368161246025
32.0023102893635,0.0684026943356902,-0.358387150194271
32.066209354096,0.0700865047091769,-0.34276297595978
32.130115754688,0.0718747726125614,-0.327008015964394
32.1940261251401,0.0737645820950216,-0.311294781425601
32.2579370315473,0.0757529716829747,-0.295769155031579
32.321844979648,0.0778369764985867,-0.280551273303073
32.3857464224894,0.0800136631523285,-0.265737202068241
32.449637768205,0.0822801576786063,-0.251401128542061
32.5135153878992,0.0846336670119229,-0.237597835160687
32.5773756236532,0.0870712775887955,-0.224372961084757
32.6412147971338,0.0895893036484218,-0.21176481729391
32.705029219529,0.0921839267629134,-0.199793255774176
32.7688152019422,0.0948514154005023,-0.188465721399949
32.8325690657173,0.0975881263829883,-0.177779718261674
32.8962871526557,0.100390503062662,-0.167724973445055
32.9599658351,0.103255070903988,-0.158285296297751
33.0236015258643,0.106178431073103,-0.149440146987076
33.0871906879841,0.109157252554072,-0.141165937778814
33.150729844263,0.112188263234217,-0.133437095509379
33.2142155866114,0.115268145187305,-0.126235582097586
33.2776445857438,0.118393226099515,-0.119543235096106
33.3410136021292,0.121559731467417,-0.113333232150251
33.4043194971763,0.124763866245942,-0.10757897956435
33.4675592440143,0.128001804764602,-0.102254477995056
33.5307299378059,0.131269680954791,-0.0973345923634194
33.5938288055533,0.134563579067878,-0.0927952441524371
33.656853215355,0.137879525046072,-0.0886135414762587
33.7198006850717,0.141213478693512,-0.0847678600175407
33.7826688903584,0.144561326783591,-0.0812378856030481
33.8454556720409,0.147918911920661,-0.0780015890155189
33.9081590433834,0.151282118051889,-0.07503820106422
33.9707771981602,0.154646737988871,-0.0723313019985865
34.0333085185767,0.158008431683336,-0.0698657723321162
34.0957515824106,0.161362723890102,-0.0676277303826636
34.1581051693053,0.164705003228718,-0.0656044690803243
34.2203682661669,0.168030522751718,-0.0637843934874632
34.282540071619,0.171334402123467,-0.062156960125252
34.3446199994692,0.174611631507184,-0.0607126189385789
34.4066076811395,0.177857077249845,-0.0594427585032912
34.4685029670441,0.181065658664692,-0.0583281871961868
34.530305927559,0.184232849304144,-0.0573504151428913
34.5920168547164,0.187354150993555,-0.0565031504103974
34.6536362636186,0.190424929726732,-0.0557808435547911
34.7151648928843,0.193440426205996,-0.055178632432745
34.7766037040663,0.19639576807305,-0.0546922943252824
34.8379538800107,0.199285983844171,-0.0543182047017432
34.8992168221275,0.20210601854747,-0.0540533020259717
34.9603941465463,0.20485075104097,-0.0538950581142094
35.0214876791316,0.207515012969296,-0.0538414536335886
35.0824994493628,0.210093866862309,-0.0538757949412454
35.1434316837184,0.212583384960339,-0.0539813888690349
35.2042867997255,0.214979868763452,-0.0541568695477581
35.2650673998234,0.217279604904378,-0.0544012320096086
35.3257762644363,0.219478882970858,-0.0547138147258464
35.3864163442274,0.221574013992231,-0.0550942862049481
35.4469907515361,0.223561349472836,-0.0555426353504771
35.507502751001,0.225437300844859,-0.0560591653299865
35.5679557493753,0.227198359197879,-0.0566444907522862
35.6283532845434,0.228841115136383,-0.0572995380401897
35.688699013769,0.230362598330159,-0.0580098244389804
35.7489967016689,0.23176124307515,-0.0587601687299738
35.8092502088499,0.2330359209676,-0.0595508308656129
35.8694634807337,0.234185627595731,-0.0603822641046242
35.9296405361854,0.235209491011034,-0.061255115619116
35.9897854559511,0.23610677934134,-0.0621702289128829
36.0499023709296,0.23687690749045,-0.063128648002871
36.1099954503005,0.237519442876881,-0.0641316233197978
36.1700688895344,0.238034110173082,-0.0651806193362274
36.2301268983096,0.238420795013675,-0.0662773239508105
36.2901736883716,0.238679676900928,-0.0674148741508149
36.3502134617001,0.238811610191891,-0.0685860621109778
36.4102503996093,0.238817712262399,-0.0697923688773109
36.4702886523745,0.23869922630421,-0.0710354663934564
36.5303323290928,0.238457516190924,-0.0723172301656311
36.5903854877816,0.238094060587802,-0.0736397534041807
36.6504521257321,0.23761044637253,-0.0750053627966294
36.71053617013,0.237008361438824,-0.0764166360603603
36.7706414689564,0.236289586957602,-0.0778764214788197
36.8307717821818,0.235455989173775,-0.0793878596341417
36.8909307732699,0.234509757028378,-0.0809459122637032
36.9511220012152,0.233454122293658,-0.0825443673237547
37.0113489135839,0.232292592183707,-0.0841849816704456
37.0716148404166,0.231028685694797,-0.0858697144728102
37.1319229888306,0.229665918532707,-0.0876007423052478
37.1922764383081,0.228207788455227,-0.0893804759601552
37.2526781366607,0.22665776113354,-0.0912115791868292
37.3131308966604,0.225019256628102,-0.093096989566066
37.3736373933246,0.22329563656109,-0.095039941768169
37.4342001618404,0.221490192059457,-0.0970439934890389
37.494821596097,0.219606211320267,-0.0991202914640276
37.5555039474121,0.217647217835659,-0.101279983611948
37.616249322838,0.215616744792073,-0.103527165391291
37.6770596837338,0.21351824840726,-0.105866323919988
37.7379368450018,0.211355097826426,-0.108302369287309
37.7988824749873,0.209130566000448,-0.110840669619892
37.8598980960217,0.206847821576017,-0.11348709031301
37.9209850855912,0.204509921821224,-0.116248037912651
37.9821446781093,0.202119806601732,-0.119130509178684
38.0433779672742,0.19968029342168,-0.122142145936848
38.1046859089589,0.197194135088564,-0.125306773402067
38.1660693238368,0.194664225684549,-0.128649013432724
38.2275288985117,0.19209345492946,-0.132178819490691
38.2890651864389,0.18948464887084,-0.135906990541389
38.3506786094141,0.186840566952557,-0.13984523816291
38.4123694596479,0.184163900118797,-0.144006259825889
38.4741379024123,0.181457269976157,-0.148403818739477
38.5359839792439,0.178723229035259,-0.153052830624323
38.5979076116903,0.175964262058287,-0.157969457786137
38.659908605585,0.173182788538565,-0.163171210717788
38.7219866557942,0.170381228537962,-0.168692124453046
38.7841413503531,0.167562224031575,-0.174567602138469
38.8463721723016,0.164728508883876,-0.180819364903369
38.9086785009776,0.161882857478609,-0.187470621156682
38.9710596138468,0.159028089185838,-0.194546112957353
39.033514688902,0.156167074221109,-0.202072148182486
39.0960428076249,0.153302740946754,-0.210076612971644
39.1586429585022,0.150438084664529,-0.218588957343743
39.2213140410857,0.147576177945115,-0.227640145268312
39.2840548705893,0.144720182535365,-0.237262558265876
39.3468641829681,0.14187344115699,-0.247490140266456
39.409740639356,0.139039751197002,-0.258355139196338
39.4726828281067,0.136223185491798,-0.269888060519979
39.5356892662681,0.133428032665519,-0.282118460827367
39.5987584016133,0.130658810754474,-0.29507412732744
39.6618886152603,0.127920281791186,-0.30878005187756
39.7250782248694,0.125217466990847,-0.323257166520662
39.7883254884073,0.122555662066493,-0.33852080731104
39.851628608463,0.119940452055933,-0.354578875612918
39.9149857371042,0.11737772487274,-0.371429672448168
39.9783949812197,0.114873743142216,-0.389034750654135
40.0418544073715,0.112435340821972,-0.407334078552961
40.1053620446206,0.110069752938712,-0.426269806315064
40.1689158868879,0.107784544148654,-0.445761245769682
40.2325138958054,0.10558758639056,-0.465701510080368
40.2961540040731,0.103487025195719,-0.4859543662312
40.3598341193002,0.101491232495085,-0.506351595931535
40.423552128306,0.0996087438789501,-0.526691234715749
40.4873059018584,0.0978481785863347,-0.546737120642177
40.5510932998235,0.0962181410911851,-0.566220216256575
40.6149121766752,0.0947270940464375,-0.584798981365421
40.6787603866537,0.093383181668555,-0.602106462939086
40.74263578745,0.0921940868136332,-0.617805050969367
40.8065362434834,0.0911668733512681,-0.631556874339183
40.8704596294239,0.0903078179949005,-0.643037977707198
40.9344038339545,0.0896222466461305,-0.651953783578468
40.9983667637398,0.0891143839821019,-0.658054647152988
41.0623463475686,0.0887872252853457,-0.661150092599514
41.1263405406347,0.088642438881117,-0.661120283782873
41.1903473289247,0.0886803059751936,-0.657923469062898
41.2543647336648,0.0888996184272417,-0.651587753611795
41.3183908154782,0.0892974522333937,-0.642229176855998
41.3824236776975,0.0898694899359984,-0.63004946604311
41.4464614692713,0.0906102161306156,-0.615307954226037
41.5105023875349,0.091513058377722,-0.598306696872056
41.5745446808262,0.0925705480273082,-0.579374524182274
41.6385866509103,0.09377449167076,-0.55885144538563
41.7026266551818,0.0951161444561447,-0.537074567357392
41.7666631086114,0.0965863777156652,-0.514366332603302
41.8306944854058,0.0981758349848843,-0.491025498512988
41.8947193203532,0.0998749945617019,-0.467355272565773
41.9587362098755,0.101674074689223,-0.443627474770808
42.0227438128256,0.103563397100613,-0.420044090382437
42.0867408508861,0.105533550159489,-0.396770865179113
42.150726108488,0.107575451779134,-0.373939592147261
42.2146984322253,0.109680396180827,-0.351651238020305
42.2786567297445,0.111840086920464,-0.32997951717279
42.3425999680919,0.114046658646129,-0.30897460754844
42.4065271715026,0.116292689922826,-0.28866678707979
42.4704374186165,0.11857120925029,-0.269069842558115
42.5343298391353,0.120875695110143,-0.250253541694234
42.5982036105356,0.123200080348031,-0.232270262083993
42.6620579558336,0.125538761778724,-0.215091874606249
42.725892141403,0.127886585656179,-0.198684771628175
42.7897054742222,0.13023882948047,-0.183011617100629
42.8534972985333,0.132591184900765,-0.168032751703058
42.9172669919182,0.134939742125857,-0.153707303778274
42.9810139608007,0.137280976113812,-0.139994053641148
43.0447376353865,0.139611734699768,-0.126852094336901
43.1084374640536,0.141929228736181,-0.114241326609552
43.1721129072348,0.144231021387093,-0.102166162315122
43.2357634314895,0.146515004939629,-0.0906291366616036
43.2993885048688,0.14877938649131,-0.079589789006454
43.3629875925131,0.151022678858922,-0.0690098659764031
43.4265601518281,0.153243692404453,-0.0588533389901918
43.4901056272341,0.155441528735922,-0.0490863830515822
43.553623444515,0.157615576126411,-0.0396773283357041
43.6171130047939,0.159765506499974,-0.0305965935923828
43.6805736781624,0.161891273839135,-0.0218166083358149
43.7440047969941,0.163993113877865,-0.0133117291648054
43.8074056490156,0.166071553748606,-0.00511488905470555
43.8707754712317,0.168127412087734,0.00274243806209891
43.934113446451,0.170161721322019,0.0102850625354834
43.9974187007512,0.172175705440993,0.0175357470640596
44.0606903008507,0.174170774110824,0.0245153521271909
44.1239272513719,0.176148517706451,0.0312429717311863
44.1871284920244,0.17811070314534,0.037736059347258
44.2502928947338,0.180059270417247,0.0440105441880158
44.3134192607454,0.18199632971455,0.050080938153853
44.376506317728,0.183924159080134,0.0559604339358131
44.4395527169596,0.185845208475162,0.0616030546847753
44.5025570319242,0.187762068251662,0.066964124869278
44.5655177604455,0.189677361368657,0.0720568987787394
44.6284333283022,0.191593714712682,0.0768934639737203
44.6913020930351,0.193513748544041,0.0814848660258689
44.754122347903,0.195440066586508,0.0858412225425031
44.8168923259909,0.197375246703241,0.0899718272821944
44.8796102044795,0.199321832108802,0.093885245116714
44.942274109076,0.20128232307445,0.0975893985202678
45.0048821186097,0.203259169089867,0.10109164617376
45.0674322698371,0.205254743640762,0.104357535961094
45.1299225635577,0.207271235585575,0.107353789617622
45.1923509738002,0.209310608916755,0.110088891499082
45.2547154583018,0.211374596851416,0.112571041424771
45.317013969156,0.213464690782985,0.114808215856886
45.3792444635581,0.215582130155327,0.116808218469755
45.4414049146202,0.217727893240483,0.118578720866375
45.5034933222253,0.219902688807129,0.120127294206178
45.5655077238873,0.222106948669015,0.121461432527129
45.6274462055819,0.224340821110168,0.122588568562515
45.689306912547,0.226604165705388,0.123489747070137
45.7510880609052,0.228896508765037,0.124146760686181
45.8127879515028,0.231216964117357,0.124568122905102
45.8744049845011,0.233564216420387,0.124762335695678
45.9359376737705,0.235936516579387,0.124737871531626
45.9973846609882,0.23833167864317,0.1245031499253
46.0587447293711,0.240747078227072,0.124066509718869
46.1200168169738,0.243179652523977,0.123436178290739
46.18120002948,0.245625901976064,0.122620238756903
46.2422936524117,0.248081893692771,0.121626596132799
46.3032971626997,0.250543366075468,0.120459869463272
46.364210240004,0.253006016058646,0.119123729916724
46.4250327785137,0.255465176864407,0.117624370343846
46.4857648984944,0.257915721774842,0.115967775877326
46.5464069570538,0.260352073957132,0.114159691899531
46.6069595580219,0.262768218813617,0.112205592840073
46.6674235608556,0.265157719007463,0.11011065212773
46.7278000884796,0.267513732309004,0.107879713466279
46.7880905339755,0.269829032400202,0.105517263504074
46.84829656603,0.272096032758617,0.103027405839642
46.9084201330576,0.274307003957045,0.100427502966084
46.9684634659781,0.276454677913942,0.0977331338331523
47.0284290797798,0.278531713154426,0.0949452377866302
47.0883197738727,0.280530535135981,0.0920644898107232
47.1481386311491,0.282443368563955,0.0890912806817052
47.2078890156863,0.284262272573791,0.0860256962173473
47.2675745690294,0.285979178683387,0.0828674952206071
47.3271992050029,0.287585931367653,0.0796160856724288
47.3867671029981,0.289074331054452,0.0762704986575698
47.4462826996962,0.290436179286304,0.0728293594767211
47.5057506791844,0.291663661340452,0.069315333537861
47.565175961311,0.292750412865172,0.0657492091243232
47.6245636882513,0.293690575788959,0.0621263736578698
47.6839192098164,0.29447850142688,0.0584420524730412
47.7432480677266,0.295108785364344,0.0546912680655252
47.8025559788723,0.295576301682535,0.0508687954794994
47.8618488175856,0.295876236133213,0.0469691132533028
47.9211325969485,0.296004117869333,0.042986349325035
47.9804134491753,0.295955849344245,0.0389142212181087
48.0396976051103,0.295727734004329,0.0347459697320477
48.0989913728712,0.295316914029021,0.0305110037645543
48.1583011152858,0.294722646224428,0.026237727308982
48.2176332257683,0.293945101851776,0.0219173640139708
48.2769941037731,0.29298495437234,0.0175409363892403
48.3363901304195,0.291843371393499,0.0130991930211444
48.3958276443818,0.290522003285342,0.00858253188907265
48.4553129181184,0.289022968634302,0.00398091913103012
48.5148521345124,0.287348836751543,-0.000716197503124409
48.574451363995,0.285502607504033,-0.00551998130366245
48.6341165422196,0.283487688780428,-0.0104423062773776
48.6938534483354,0.281308193597664,-0.0154601068448142
48.7536676835222,0.278969885890692,-0.0205500627987474
48.8135646493866,0.276479193207302,-0.0257245715810553
48.8735495272354,0.273842843705689,-0.030996507695469
48.9336272587542,0.271067822503756,-0.0363793064191672
48.9938025281455,0.268161328833555,-0.0418870499404274
49.0540797457541,0.265130734513667,-0.0475345563438195
49.1144630331966,0.261983544219913,-0.0533374717892596
49.1749562100104,0.258727357996683,-0.0593123662113993
49.2355627818264,0.255369836408851,-0.0654768327525658
49.2962859300392,0.251918969624612,-0.071801854182524
49.3571285023463,0.248383956291732,-0.0782560261159209
49.4180930033155,0.24477427675602,-0.0848543839914785
49.4791815862415,0.241099357423094,-0.0916122258988285
49.5403960469544,0.23736853857704,-0.0985451073752792
49.601737819561,0.23359104674479,-0.105668822447973
49.6632079740664,0.229775971598842,-0.112999368669384
49.7248072158197,0.225932247324203,-0.120552893546501
49.7865358867231,0.222068638315335,-0.128345619293267
49.8483939681393,0.218193729012603,-0.136393742428715
49.9103810854037,0.214315999140378,-0.144683530222635
49.9724965132103,0.210444074639584,-0.153197925966034
50.0347391807884,0.20658649625255,-0.16194712957107
50.0971076779434,0.202751636622059,-0.170939881368357
50.1596002625692,0.198947698752182,-0.180183126786004
50.2222148695854,0.1951827164796,-0.189681631990513
50.2849491212186,0.191464556410883,-0.199437548730785
50.347800338553,0.187800920738292,-0.209449928061353
50.4107655542726,0.184199350309384,-0.219714184689853
50.4738415265201,0.180667227290533,-0.230221516401984
50.5370247537753,0.177211808663168,-0.240930386778755
50.6003114900847,0.173840327156865,-0.251790654395078
50.6636977596415,0.17055989963852,-0.262772094426987
50.7271793716308,0.167377485286438,-0.273837367708549
50.7907519358733,0.164299870154398,-0.284941495805137
50.854410879221,0.16133364718359,-0.296031442866316
50.9181514626359,0.158485191114505,-0.307045849794418
50.9819687988864,0.155760627883294,-0.317914970506909
51.0458578707928,0.153165798265427,-0.328560861802813
51.1098135499614,0.150706215750865,-0.338897876511902
51.1738306159124,0.14838698814319,-0.348819258653063
51.2379037747809,0.146212690328603,-0.35821258169059
51.3020276763104,0.144187430552841,-0.366975706498186
51.3661969302841,0.14231482572162,-0.375004559759608
51.4304061231008,0.14059794032817,-0.38219544818119
51.4946498344675,0.139039225974769,-0.38844763892773
51.5589226541574,0.13764046348031,-0.393666106453185
51.6232191987805,0.136402709692324,-0.39776431888735
51.6875341285133,0.135326251143967,-0.40066691742641
51.751862163738,0.134410566578764,-0.402312133416402
51.8161981015138,0.133654226947539,-0.402693683531989
51.88053683122,0.133054705503159,-0.401826576244476
51.9448733483199,0.132608673862625,-0.399704743203379
52.0092027671399,0.132312098109086,-0.396338437363501
52.0735203332266,0.132160261776362,-0.391753602239949
52.1378214352716,0.132147799077432,-0.385990677011181
52.2021016165672,0.132268737218597,-0.379102917347342
52.2663565859582,0.132516546327466,-0.371154339238167
52.3305822282557,0.132884195326885,-0.362217409748331
52.3947746140763,0.133364211991066,-0.352370613764748
52.4589300090573,0.133948720979547,-0.341774555813512
52.5230448819946,0.13462948502486,-0.330590540716048
52.5871159111901,0.13539812598937,-0.318898980102069
52.6511399896427,0.13624621221502,-0.306776257561559
52.7151142294811,0.137165304170229,-0.294293562766715
52.7790359656439,0.138146995863005,-0.281516025063468
52.8429027587922,0.139182951959079,-0.268502127155945
52.906712397446,0.140264940726498,-0.255303369426388
52.9704628993313,0.141384863081092,-0.241964149363446
53.0341525119305,0.142534778112645,-0.228521818063106
53.097779712222,0.143706970099864,-0.215103184816686
53.1613432054414,0.144894137762215,-0.201824782956839
53.2248419226186,0.146089333758424,-0.188698968663532
53.2882750171812,0.147285930307023,-0.175732763070085
53.3516418608087,0.148477618744842,-0.162928494798953
53.4149420385591,0.149658408661237,-0.150284401429443
53.4781753432885,0.150822626997671,-0.137795182213496
53.5413417693817,0.151964917429394,-0.125452498125485
53.6044415058151,0.153080240283432,-0.11324541822105
53.6674749285778,0.15416387318428,-0.101160813481487
53.7304425924774,0.155211497950485,-0.0892749388296417
53.793345222455,0.156219470672844,-0.0776602330932062
53.8561837046246,0.157184582819428,-0.0662961573671865
53.9189590769754,0.158103970091969,-0.0551620298460484
53.9816725196924,0.158975104359326,-0.0442372222980431
54.044325345134,0.159795786774911,-0.0335013169024885
54.1069189875052,0.160564141968306,-0.0229342306838659
54.169454992267,0.161278613199811,-0.0125163139595425
54.2319350053232,0.161937958360992,-0.00222842839737758
54.2943607620249,0.162541246711965,0.00794799040921947
54.3567340760454,0.163087935155442,0.0179564520987907
54.4190568284471,0.163578094962569,0.0277397355549539
54.4813309574648,0.164012154776757,0.0373138095752476
54.5435584486448,0.164390808431512,0.0466932682657707
54.6057413251135,0.164715003505346,0.0558913445719072
54.6678816379981,0.16498593015518,0.0649199258127904
54.7299814570322,0.165205010135904,0.0737895697677954
54.7920428613794,0.165373885926695,0.082509520320903
54.8540679307031,0.165494409896881,0.0910877219704411
54.9160587365099,0.165568633456691,0.0995308328549948
54.9780173338068,0.165598836837845,0.107792839498084
55.0399457534417,0.165587623462284,0.115825557446007
55.1018459957199,0.165537754657087,0.123630349011412
55.1637200247844,0.165452087640727,0.131207189585468
55.22556976343,0.165333558135297,0.138554739314836
55.2873970883437,0.165185163060324,0.145670418613806
55.3492038257748,0.165009943324129,0.152550488203821
55.4109917476364,0.164810966731848,0.159190134346375
55.4727625680366,0.164591311039996,0.165583559850128
55.5345179402346,0.164354047195407,0.171724081294854
55.5962594540279,0.164102233045659,0.177584254237476
55.6579886338439,0.163838915682197,0.18313554510041
55.7197069379857,0.163567062723818,0.188368683673051
55.7814157585658,0.163289531881546,0.193274053709129
55.8431164218308,0.163009054383559,0.197841846994924
55.9048101888412,0.16272821916419,0.202062220037702
55.9664982564854,0.162449457905438,0.205925451578846
56.0281817588021,0.162175031020146,0.209422098848
56.0898617685854,0.161907014669461,0.212543150249862
56.1515392992455,0.161647288901046,0.215280171993188
56.2132153069034,0.161397536450478,0.217636351742264
56.2748906928584,0.161159261815409,0.219615589330059
56.3365663066704,0.160933754962437,0.221211732371904
56.3982429495648,0.160722075162777,0.222419632586398
56.4599213779617,0.160525045641021,0.223235226940044
56.5216023070915,0.160343249640892,0.223655600360635
56.5832864146673,0.160177027941766,0.22367902851544
56.6449743445804,0.160026477845427,0.2233049995508
56.7066667105902,0.159891453639143,0.222534214139162
56.7683640999744,0.159771568528305,0.221368563641945
56.8300670771118,0.159666259773949,0.219865634274857
56.89177618697,0.159574997898435,0.218082765514684
56.9534919585005,0.15949713979704,0.216022897985396
57.0152149079456,0.159431876276068,0.213689662105993
57.0769455420397,0.159378237189507,0.211087315510082
57.1386843610849,0.159335097288644,0.208220672126012
57.2004318618813,0.159301182741991,0.20509502401837
57.2621885404919,0.159275078279177,0.201716057163069
57.3239548948242,0.159255234909994,0.198089762380103
57.3857314270105,0.159239978170646,0.194222342614965
57.4475186455662,0.159227555898914,0.190156935755014
57.5093170672583,0.159216276942925,0.185935848014022
57.5711272185942,0.159204423945259,0.181564038166984
57.632949637032,0.159190224469082,0.177046286883488
57.6947848719609,0.159171858054432,0.172387140362521
57.7566334854489,0.159147463357974,0.167590856035026
57.8184960527477,0.159115145355902,0.162661350468016
57.8803731625516,0.159072982588092,0.157602149532691
57.9422654170016,0.159019034429985,0.152416340793531
58.0041734314323,0.158951348371805,0.147106528043359
58.0660978338536,0.158868087526654,0.141725646382889
58.1280392640805,0.158767911611684,0.136324334436719
58.1899983724215,0.158649643853138,0.130901107991054
58.2519758181325,0.15851215604789,0.12545414589943
58.313972267744,0.158354370294471,0.119981291939156
58.3759883932708,0.158175260697247,0.114480055861091
58.4380248703084,0.157973855051329,0.108947613554363
58.5000823760229,0.157749236511556,0.103380806268612
58.5621615870394,0.157500545251852,0.0977761388383401
58.6242631772357,0.157226980122158,0.0921297768843369
58.6863878154421,0.156927880616477,0.0864675958238107
58.7485361629321,0.156602975967305,0.0808145996398144
58.8107088705422,0.156252155839572,0.0751653059336053
58.8729065756768,0.155875390325596,0.0695141255778033
58.9351298993429,0.155472728530044,0.0638553689331687
58.9973794432297,0.155044297225416,0.0581832513132394
59.0596557868422,0.1545902995867,0.0524918979364993
59.1219594846967,0.154111014009606,0.0467753486009467
59.1842910635891,0.153606793021134,0.0410275623358482
59.2466510199423,0.1530780622874,0.0352424222761415
59.3090398172376,0.152525360971614,0.0294331442955263
59.3714578834249,0.1519494678368,0.023613022385737
59.4339056081514,0.151351281525869,0.0177760776572626
59.4963833400262,0.15073177782137,0.0119164418466746
59.558891384047,0.15009200740666,0.00602837268899743
59.6214299992041,0.149433093766383,0.000106271168376411
59.6839993962673,0.148756231227161,-0.00585529901125241
59.7465997357627,0.148062683139082,-0.0118615894348301
59.8092311261465,0.147353780198683,-0.0179176421426362
59.8718936221818,0.146630918911209,-0.0240282616391664
59.9345872235194,0.145895539011254,-0.030185410652674
59.9973118733752,0.145149060613917,-0.0363805807893943
60.060067457122,0.144392949699468,-0.0426174284438689
60.1228538009701,0.143628738066788,-0.048899252424993
60.1856706708508,0.142858021681462,-0.0552289520913175
60.2485177715137,0.142082459109431,-0.0616089819728639
60.3113947458399,0.141303770021108,-0.0680413028110278
60.3743011743781,0.140523733750568,-0.0745273289976296
60.4372365751042,0.139744187889263,-0.0810678725008117
60.5002004034106,0.138967026892476,-0.0876630834395226
60.5631920523226,0.1381941322856,-0.094300615815383
60.6262108528449,0.137427166886615,-0.100967857004265
60.6892560742577,0.136667779863222,-0.107663539121827
60.752326924488,0.135917673643792,-0.114385705414944
60.8154225506518,0.135178602144318,-0.121131656387043
60.8785420397718,0.134452368883602,-0.127897896237243
60.9416844196756,0.133740824958494,-0.134680080432974
61.0048486600747,0.133045866847453,-0.141472965401895
61.0680336738281,0.132369434010947,-0.148270361455013
61.1312383183918,0.13171350625431,-0.155065090239622
61.1944613974536,0.131080003165001,-0.161842174396651
61.2577016626798,0.130470488316786,-0.168587452039591
61.3209578154253,0.129886459827902,-0.175293681378607
61.3842285084766,0.129329445273584,-0.181952918269436
61.4475123478916,0.12880099867366,-0.188556515462413
61.5108078949404,0.128302697245705,-0.195095130284999
61.5741136681491,0.127836137912788,-0.201558741686554
61.6374281454485,0.127402933556673,-0.207936677455547
61.7007497664298,0.127004709010101,-0.214217652366393
61.7640769347079,0.126643096786385,-0.220389817863047
61.8274080203944,0.126319649184853,-0.22643546675067
61.8907413626579,0.126035582335619,-0.232338861148353
61.9540752723142,0.125792020049955,-0.238090706283301
62.0174080344382,0.12559007317599,-0.243681748358171
62.0807379110098,0.125430835909683,-0.249102852088755
62.1440631435936,0.12531538211021,-0.254345082056635
62.2073819560552,0.125244761644722,-0.259399786765448
62.2706925573136,0.125219996788475,-0.264258684135008
62.33399314413,0.125242078707816,-0.268913947071753
62.3972819039349,0.125311964053393,-0.273358287658112
62.460557017695,0.125430533963937,-0.27756917801774
62.5238166628951,0.125598470002579,-0.281526217303441
62.5870590167389,0.125816351003227,-0.285226552182645
62.6502822594334,0.126084686640301,-0.288668420517333
62.7134845774743,0.126403915647406,-0.291851186660857
62.776664166929,0.126774404470935,-0.294775362624593
62.8398192367134,0.127196446367282,-0.297442614632226
62.9029480118604,0.12767026094755,-0.299855754927257
62.9660487367762,0.128195994167753,-0.302018719034189
63.0291196784841,0.128773718756559,-0.303936529011356
63.0921591298576,0.129403430719704,-0.305575942393074
63.1551654130317,0.130085016291991,-0.30690568389545
63.2181368832902,0.130818229184269,-0.307935588331375
63.2810719331184,0.131602691324866,-0.308676837913096
63.3439689962219,0.132437895199924,-0.309141840535174
63.4068265514921,0.13332320681166,-0.309344095134562
63.4696431269106,0.134257869200753,-0.309298047388625
63.5324173033795,0.135241006474978,-0.30901893906828
63.5951477184681,0.13627162828439,-0.308522654314281
63.6578330700656,0.137348634683615,-0.307825565924763
63.7204721199378,0.13847083737602,-0.306899652289152
63.7830636974494,0.13963698693908,-0.305717993451193
63.8456067038752,0.140845684068857,-0.304299312594185
63.9081001168666,0.142095362805854,-0.302662751289417
63.9705429947852,0.143384296852688,-0.300827694079078
64.0329344808729,0.144710606280886,-0.298813602266929
64.0952738072386,0.146072264563017,-0.296639859410243
64.15756029864,0.147467105874774,-0.294325630448034
64.2197933760397,0.148892832618379,-0.291889735860286
64.2819725599165,0.150347023128866,-0.289350541745592
64.3440974733168,0.15182716800043,-0.286704479558372
64.4061678448794,0.153330748304821,-0.283947287552767
64.4681835122176,0.154855131559743,-0.281095552592622
64.5301444252594,0.156397547373745,-0.278165347177732
64.5920506492758,0.157955095558862,-0.275172166292894
64.6539023675619,0.159524754466387,-0.27213087796542
64.7156998837472,0.161103389546405,-0.26905568689553
64.7774436237079,0.162687762135967,-0.265960110355531
64.8391341370603,0.164274538485577,-0.262856965386694
64.9007720982071,0.165860299037391,-0.259758366259091
64.9623583069244,0.167441570855843,-0.25667434343889
65.0238936886638,0.169014901198412,-0.253613705317345
65.0853792948737,0.170576790024269,-0.250585783796675
65.1468163030189,0.172123675574499,-0.247599360522245
65.2082060160828,0.173651944371921,-0.244662691881837
65.2695498615245,0.175157941575479,-0.241783538074072
65.330849389671,0.176637981697322,-0.238969195558058
65.3921062715279,0.178088359681475,-0.236226532225005
65.4533222959913,0.179505362342825,-0.23356202473134
65.5144993664463,0.180885280155158,-0.230981797493773
65.5756394967468,0.18222457732699,-0.228501309682537
65.636744806774,0.183520378155331,-0.226132331262438
65.6978175179599,0.184770003803225,-0.22387525884596
65.7588599485467,0.185970822737059,-0.221730563720164
65.8198745083988,0.187120259065486,-0.219698807901001
65.8808636933603,0.188215801039511,-0.217780659784862
65.9418300791579,0.189255009669441,-0.215976909492903
66.0027763148519,0.190235527413946,-0.214288484006617
66.0637051158392,0.191155086891872,-0.212716462194631
66.1246192564125,0.1920115195667,-0.211262089829412
66.185521561889,0.192802963658788,-0.209940153452209
66.2464149004466,0.193528472899262,-0.20876195366587
66.3073021749732,0.194187428415605,-0.207723940177447
66.3681863148709,0.194779342548084,-0.206822948533693
66.4290702677378,0.195303860831046,-0.206056185589066
66.48995699094,0.195760763686816,-0.205421215976196
66.5508494430904,0.19614996781221,-0.204915949517662
66.6117505754506,0.196471527241372,-0.204538629542389
66.6726633232747,0.196725634074308,-0.204287822030689
66.7335905971111,0.196912618865341,-0.204162405529623
66.794535274084,0.197033160899568,-0.20416971966926
66.8555001892966,0.197088917876909,-0.204313856561305
66.9164881276564,0.197081890750597,-0.204589283799131
66.9775018160965,0.19701420687759,-0.204990748384277
67.0385439161252,0.196888113039206,-0.20551324154355
67.0996170167172,0.196705968254795,-0.20615196523839
67.1607236275598,0.196470236425716,-0.206902300172794
67.2218661726655,0.196183478848052,-0.207759775141817
67.283046984365,0.195848346631687,-0.208720037575794
67.344268297687,0.195467573064096,-0.209778825165882
67.4055322451379,0.195044113718939,-0.210936390675848
67.4668408519271,0.194581581694402,-0.212190447621378
67.5281960317739,0.194083794230872,-0.21353292143798
67.5895995833395,0.193554613583908,-0.214955635449137
67.6510531872758,0.192997935676914,-0.216450277065686
67.7125584038882,0.19241767888806,-0.218008367677886
67.7741166714129,0.191817772986323,-0.219621236530784
67.8357293049054,0.19120214823083,-0.221279998885195
67.897397495735,0.190574724639475,-0.222975538847102
67.9591223116817,0.189939401432265,-0.224698497228486
68.0209046976235,0.189300105554038,-0.226439281526441
68.0827454767387,0.188660959536283,-0.228186894860228
68.1446453521294,0.188026096381022,-0.22992946077868
68.2066049090091,0.187399589570241,-0.231654817674125
68.2686246175242,0.186785441691128,-0.233350542597548
68.3307048362002,0.186187573185522,-0.235003984384105
68.3928458160007,0.185609811218399,-0.23660230629689
68.4550477049846,0.185055878666617,-0.238132538246639
68.5173105535491,0.184529383229338,-0.239581638456654
68.5796343202433,0.184033806669565,-0.240936564231902
68.6420188781289,0.183572476068996,-0.242185786296526
68.7044640214803,0.183148505396608,-0.243318282583312
68.7669694724875,0.182764851073403,-0.244321995549153
68.8295348882512,0.182424322093753,-0.245185180354115
68.8921598682468,0.182129570638496,-0.245896501739743
68.9548439622505,0.181883082923495,-0.246445133184509
69.0175866787153,0.18168717032467,-0.246820856574085
69.0803874935808,0.181543960824017,-0.247014160466104
69.1432458595031,0.181455390822247,-0.247016334943941
69.2061612154907,0.181423197367259,-0.24681956100793
69.2691329969189,0.181448853791496,-0.246427952926256
69.3321606456073,0.181533406153215,-0.245847656274658
69.3952436194394,0.181677663919436,-0.24507530130811
69.458381401958,0.181882256050205,-0.244108455943468
69.5215735122149,0.182147626920023,-0.242945648740666
69.5848195148781,0.182474032675253,-0.241586380635787
69.6481190305841,0.182861538044259,-0.240031125151335
69.7114717465251,0.18331001360731,-0.238281317039548
69.7748774272592,0.183819133532584,-0.236339329598932
69.8383359257316,0.184388373776271,-0.234208441189818
69.9018471944816,0.185016961375063,-0.231909736113782
69.9654112967158,0.185703742332552,-0.229465455650393
70.0290284167201,0.186447358933361,-0.22688160865135
70.092698870058,0.187246303425142,-0.224164611950879
70.1564231138458,0.188098918314419,-0.221321229987611
70.220201757104,0.189003396838274,-0.218358513733587
70.2840355711784,0.189957783609321,-0.215283739878053
70.3479255002161,0.190959975433733,-0.212104351188412
70.4118726716873,0.192007722307621,-0.208827898843974
70.4758784069376,0.193098628599149,-0.20546198748217
70.5399442317489,0.194230123548021,-0.202027579305015
70.6040718866689,0.195399382177809,-0.198545411670576
70.6682633367194,0.19660344057484,-0.195022564036108
70.7325207808073,0.197839231484042,-0.191465835515271
70.796846661042,0.199103586204025,-0.187881726267351
70.861243671954,0.200393236717207,-0.184276423563351
70.9257147695995,0.201704818101013,-0.180655792246766
70.9902631805341,0.203034871273524,-0.177025369245772
71.0548924106374,0.204379846125802,-0.173390361794665
71.1196062537713,0.205736105095003,-0.169755648974905
71.184408800247,0.207099913807916,-0.166130657286418
71.2493044449872,0.208467409798008,-0.162524359545802
71.3142978952052,0.209834655603039,-0.158940447553797
71.3793941777192,0.211197659017761,-0.155382275810573
71.444598645973,0.212552379481702,-0.151852879259137
71.5099169867445,0.21389473516514,-0.148354991855376
71.5753552265209,0.215220610786032,-0.144891065629615
71.6409197375175,0.216525866180961,-0.141463289974888
71.7066172433179,0.217806345644739,-0.138073610889335
71.7724548241139,0.219057888043718,-0.134723749978209
