s,curvature,torsion
0,0.158453947456592,-0.458885139231631
0.0570286278362873,0.149113222152073,-0.517842294707575
0.114059405762559,0.139888360323893,-0.588470424447806
0.171095674304148,0.130791096934393,-0.673955923529926
0.228140052494044,0.121840699568796,-0.778473902855858
0.285194485562205,0.113067470057685,-0.907461714192792
0.342260290929101,0.104517719605957,-1.06787076620782
0.399338203080899,0.0962608424618142,-1.26821430910324
0.456428417931335,0.0883992078108656,-1.51794840966407
0.513530637304925,0.081081333665212,-1.82516661692063
0.570644114208111,0.0745174611072357,-2.19077386825469
0.627767699538656,0.0690101441074121,-2.58762645071561
0.684899890064992,0.0649884171379864,-2.94067817977173
0.742038878691858,0.0628705517429165,-3.1450063002307
0.799182610887463,0.0629233786156055,-3.11497321863759
0.856328846738721,0.0651591117319788,-2.85023922205147
0.91347522615025,0.0693355906349628,-2.43583897905842
0.970619334734898,0.0750604992628526,-1.97616150841767
1.02775876809944,0.081914316537099,-1.54187082238229
1.08489119245212,0.0895264003204001,-1.16267780120198
1.14201439974575,0.0976004072951293,-0.84239743360676
1.19912635660266,0.10589342721885,-0.580248643323868
1.25622526247464,0.114151664075581,-0.370946256564699
1.31330963924421,0.122155711491144,-0.201852951870352
1.3703784188135,0.12972422645628,-0.0620653973959404
1.42743100912512,0.136702878204476,0.0572519113202595
1.48446733666715,0.142957458691277,0.163195483757324
1.54148786466799,0.148370159872449,0.26160505371316
1.59849358676397,0.152838289957928,0.357530508844667
1.65548599662475,0.156275026155939,0.455647747604361
1.71246703485144,0.158612108165733,0.560632266359162
1.76943901543413,0.15983549709579,0.659740078015458
1.82640453705478,0.160067513325114,0.738521729262432
1.88336639466151,0.159443606564563,0.798121122526197
1.94032750466762,0.158068785128573,0.83862256525683
1.99729084446656,0.156010351289656,0.859515691088302
2.0542594032967,0.153292903582894,0.859971139140123
2.11123614054045,0.149895881885362,0.838917285625202
2.16822394719871,0.14575390020317,0.794871228539913
2.22522560651276,0.14075999999827,0.725436254510861
2.28224375052008,0.13477190865039,0.626293851361122
2.33928080963992,0.127661746065741,0.527724645320075
2.39633893004739,0.119468964927817,0.465428116178981
2.45341982969264,0.110314440238289,0.444046375134011
2.51052465303964,0.100353941805557,0.474515247195367
2.56765385653459,0.0897728541561018,0.578190728829004
2.62480712601121,0.0787915097283113,0.794781178198424
2.68198332423179,0.0676895597019447,1.19728771489579
2.73918046554589,0.0568703944090288,1.91561196273733
2.79639571409665,0.0470118121665839,3.14031944011587
2.85362540211514,0.0393587412337976,4.90220203271747
2.91086506674771,0.0358738810428581,6.19938199902381
2.96810953191486,0.0380289029922873,5.54272939422627
3.02535307626967,0.0452306167425977,3.77602830276979
3.08258963672533,0.0557066719784364,2.29370687405413
3.13981301744062,0.0680678819227151,1.33839067709321
3.19701710194568,0.0815278327414846,0.748559339296548
3.25419606686983,0.0956561534750452,0.375591500722162
3.31134459541678,0.110198916900085,0.129682769023554
3.36845808847334,0.12498894877052,-0.0399989868471052
3.42553287103509,0.139903244187742,-0.162568471836602
3.48256639206158,0.154790795913089,-0.243498151557526
3.53955742719491,0.169302472427662,-0.288097322398966
3.59650628559318,0.183028945176986,-0.310238868308124
3.65341496675857,0.195546503593148,-0.318895703532986
3.71028723321721,0.206417200511869,-0.31992821923973
3.76712858333158,0.215191667084879,-0.317270626156265
3.823946112073,0.221413384436339,-0.313728726124565
3.88074825210485,0.224623679878426,-0.311557324888169
3.9375443936502,0.224366876274454,-0.312958363672829
3.99434438928928,0.220195062414413,-0.320658457685074
4.05115795907644,0.211829996258013,-0.34205977417483
4.10799403472619,0.199640378819594,-0.384282851074569
4.16486015421433,0.18416840759317,-0.453770411261033
4.22176201046697,0.165970428401811,-0.563436018018512
4.27870317600873,0.145620433130167,-0.738336721668398
4.33568499979303,0.123725146609489,-1.02929839722818
4.39270666266728,0.100966946284821,-1.54805925964646
4.44976537030624,0.0782246322346138,-2.56534144690752
4.50685665675728,0.0569489318388289,-4.77137080000795
4.56397476787452,0.0403868924634741,-9.24820309311178
4.62111309166541,0.0353990658294434,-11.6336664535967
4.6782646007663,0.0448056101969769,-6.96503367537017
4.7354222748559,0.0612364707952738,-3.53159555016705
4.79257948433254,0.079371722882933,-1.95350576433044
4.84973032207777,0.0971920035652603,-1.17750266098599
4.90686987105642,0.113812331250635,-0.744483666865888
4.96399439744303,0.128715495913805,-0.472161753105007
5.02110146138585,0.141522779746753,-0.280497326755218
5.0781899404238,0.15191756085648,-0.129587978799436
5.13525996401334,0.159618221952419,0.00368258163699575
5.19231276139448,0.164439867926364,0.122305843674928
5.24935042749949,0.166501654382948,0.226598735368089
5.30637563515136,0.166012925930996,0.326365816149912
5.363391348016,0.16319931267955,0.429061798060827
5.42040056129785,0.158301158177026,0.54146086400821
5.47740608242634,0.151573899583168,0.670815407570907
5.53441036005287,0.143290447924888,0.825895266098467
5.59141536636667,0.133746259831889,1.01811476137111
5.64842253475,0.123268435945433,1.26279506913978
5.70543275214538,0.112230935710725,1.58022871666131
5.76244640258248,0.101096585210773,1.99050495611172
5.81946344159846,0.090496587458849,2.50071752167653
5.87648347303236,0.0811813567679045,3.08334161436117
5.93350584772995,0.073955653771814,3.63455898763926
5.99052978756998,0.0695105248638533,3.96832125267319
6.04755452111089,0.0681313300487525,3.92688886800462
6.1045794165294,0.0694801384411758,3.53607733724852
6.16160409823388,0.0726936637956344,2.977472235422
6.21862853493111,0.0767077750068108,2.42317795407113
6.2756530890114,0.0805208827675729,1.95682880554415
6.33267851951675,0.0833753850854133,1.61890275486212
6.38970592717069,0.0850309540354785,1.39905301458821
6.44673664252668,0.0854897730746707,1.26065125349847
6.50377209821885,0.0848501018444408,1.17958509299538
6.56081370752185,0.0832664968796379,1.13964624441056
6.61786275613801,0.0809267780430657,1.12896575745648
6.67492031117198,0.0780373687768929,1.1373844569686
6.73198714913255,0.0748124822304238,1.15441349952762
6.78906370307482,0.071464626323116,1.16764459615057
6.84615002767163,0.0681951707000458,1.16178202685259
6.90324578051297,0.0651702594305396,1.13382632313862
6.96035022762165,0.0624780330446719,1.08679669016415
7.01746228598206,0.0601841470284159,1.01211859761067
7.07458058161357,0.0583467005298618,0.902269284893316
7.13170351109501,0.0570167154258344,0.752485218676786
7.18882930571676,0.0562419560085598,0.562481903419434
7.24595609817781,0.0560743056086834,0.337742341223971
7.30308199214477,0.0565797943561815,0.0900081315456556
7.36020513549477,0.05784907447317,-0.163299809440074
7.41732379867903,0.0600051846864123,-0.401018102245472
7.47443646002889,0.063133889325793,-0.567738252093107
7.53154189134756,0.0670512634596681,-0.635838791409082
7.58863922362797,0.0714831512498157,-0.631465403179759
7.6457279948685,0.0761247790436968,-0.580492021000229
7.70280818278514,0.0806435178286973,-0.502607147319896
7.75988021789445,0.0846866611673953,-0.410007769510931
7.81694497163892,0.0878896100081252,-0.308216142864262
7.87400371464356,0.0898828849326938,-0.197139803852744
7.93105804154825,0.0902981806124414,-0.0712367193016793
7.98810976115441,0.0887746924680422,0.0822242655999879
8.04516075388422,0.0850566502380707,0.260913610411811
8.1022128057217,0.0792680846848413,0.468384400085297
8.15926744646253,0.0716502095929267,0.745253252379572
8.2163258191435,0.0624864145951764,1.16563943377797
8.27338858880125,0.0521444894619571,1.88945013819088
8.33045589269207,0.0412009099562506,3.30259289133807
8.38752733156679,0.0308403854444522,6.28955505580252
8.44460199941778,0.0240179775064639,10.9095324167464
8.50167854726692,0.025561532670255,10.0559318953373
8.55875527503856,0.0351845921762187,5.5313236164131
8.61583024485644,0.0486175665297687,3.0180243577733
8.67290142024914,0.0635143325687746,1.83987157478743
8.72996684196288,0.0788607329334914,1.24267548808845
8.78702480895746,0.094098772581681,0.911367434183578
8.84407404013468,0.108832310818137,0.714927194851916
8.90111380474657,0.122730721978292,0.593970365276411
8.95814401068429,0.135493557773397,0.51931604187065
9.0151652410556,0.146836465414151,0.475826422805941
9.07217873114252,0.156485723052002,0.455594985830649
9.12918628001653,0.164176899060954,0.454924572943266
9.1861900945839,0.16973360259325,0.465823309203562
9.24319259042204,0.173297703797287,0.479937242226623
9.30019621495014,0.175087869879932,0.495629541563139
9.35720330170342,0.175319153045246,0.511433356672262
9.41421594990176,0.174201053943314,0.525827575137214
9.47123593402812,0.171935292035696,0.53708118654861
9.52826464646784,0.16871337473564,0.543130092201218
9.58530307426126,0.164714108380796,0.541470792304281
9.64235180938949,0.160101269232175,0.529064572523863
9.69941109075321,0.155021763331869,0.502249362450683
9.7564808741335,0.149593518512181,0.467150529432704
9.81356090176495,0.143879074813744,0.431850216175045
9.87065072537904,0.137931442071869,0.394996104865773
9.92774971630141,0.131806367195777,0.355047850596723
9.98485708577112,0.125561832548124,0.310217606544828
10.041971915808,0.119257874979427,0.25840907183044
10.0990931998442,0.112956782401979,0.19716411788389
10.1562198922433,0.106723758789398,0.123635993677612
10.2133509657915,0.100628184239269,0.0346261414311363
10.2704854762459,0.0947456240862337,-0.0732477391398078
10.3276226320136,0.0891452809194222,-0.202622530543216
10.3847618410142,0.0838478186100721,-0.355912562785999
10.4419026883837,0.0788766628920198,-0.535864287134529
10.499044884698,0.0742782364093652,-0.744144710738593
10.5561882116723,0.0701269731295623,-0.979704112530649
10.6133324673283,0.0665296333706494,-1.23618189782064
10.6704774115419,0.0636267010614553,-1.4986867315942
10.727622712866,0.0615872995378359,-1.74158942035445
10.7847678975074,0.0605937910375512,-1.93063452594462
10.8419123013275,0.0608152620137514,-2.03232072617622
10.8990550267184,0.0623629230066052,-2.01851017736961
10.9561949298123,0.0652164661234019,-1.89502416859886
11.0133306765487,0.0692495926843782,-1.70180318660806
11.0704608252828,0.0742720400842529,-1.48080432177887
11.1275839092535,0.0800656781331619,-1.26310974199186
11.1846985161224,0.0864110443861322,-1.06613043491277
11.2418033625689,0.0931012986437217,-0.89670387154285
11.298897361783,0.0999468295584267,-0.75537391542096
11.3559796816142,0.106774782038251,-0.639678724820697
11.4130497911357,0.113426552213542,-0.54612614193203
11.4701074939004,0.119746569984267,-0.472056096495721
11.5271529567108,0.125554973511456,-0.415456234284421
11.5841867476749,0.130670933704583,-0.374021174100712
11.6412098613473,0.134919561573123,-0.346013931488919
11.6982237177516,0.138131022268503,-0.3303711410851
11.7552301340106,0.140140213990421,-0.326794808757456
11.8122312687274,0.140786991769268,-0.335903683310166
11.8692295403964,0.139916973746671,-0.359524130108835
11.9262275224397,0.137383093638055,-0.40124742706137
11.9832278189399,0.13304831891458,-0.467500117737762
12.0402329264638,0.126859969565796,-0.557669903551274
12.0972450841114,0.119058945954651,-0.669245861026244
12.1542661265064,0.109964666516818,-0.811020018289645
12.2112973785736,0.0999067688706677,-0.995623562380108
12.2683396027642,0.0892298732220142,-1.24154047078871
12.3253929942598,0.0783018668634704,-1.5756950995135
12.3824572171725,0.067527439025711,-2.03539385046414
12.4395314732263,0.0573679102003066,-2.66398519583397
12.4966145934395,0.0483620415824276,-3.48228315162066
12.5537051429187,0.0411173829464347,-4.40265322081555
12.6108015288449,0.0361964274062641,-5.1345563573984
12.6679020983708,0.0338564858463681,-5.27208910119163
12.7250052126405,0.0337362720323331,-4.74731117695791
12.7821092994502,0.0349268714934474,-3.95438306885492
12.83921288591,0.0364112692927916,-3.26442080801802
12.8963146098722,0.0373700677390581,-2.82321560116539
12.9534132106182,0.0372344341410503,-2.66959880272117
13.0105075014836,0.0356563405924789,-2.8642752569151
13.0675963295945,0.032527510629025,-3.5988074599648
13.1246785306557,0.028170533562762,-5.3538204046883
13.1817528899004,0.0240803496680413,-8.45179954290139
13.2388181263031,0.0238723978836262,-9.88557981182445
13.2958729221285,0.0301671999017886,-7.04719503016682
13.3529160023286,0.0413654884906063,-4.2216915171476
13.4099462532673,0.0550654985729224,-2.66022794086251
13.4669628646408,0.069791376519489,-1.83960248514137
13.5239654743379,0.0846066189375271,-1.38898794864086
13.5809542936833,0.0987982095564726,-1.13390494869033
13.6379301901111,0.11175195435321,-0.993638199069112
13.6948947058482,0.122907031822293,-0.93046943914053
13.7518499950488,0.131860504273471,-0.919676553141318
13.8087986806486,0.138714326525324,-0.939470332693588
13.8657436758153,0.143706595473431,-0.980262290356216
13.9226880023071,0.147088215195241,-1.03653747545834
13.9796346161899,0.149120425547903,-1.10448705065821
14.0365862502271,0.150072147425445,-1.18078788677258
14.0935452797395,0.150216315538935,-1.2618852968226
14.1505136162221,0.149824575029758,-1.34356407339116
14.2074926307375,0.149159871948083,-1.4207765311298
14.264483107103,0.148466753081614,-1.48777560509988
14.3214852239706,0.147963831594364,-1.53497173271807
14.3784985830215,0.147835775337032,-1.55282718570875
14.4355223123142,0.148194685889011,-1.53735175539968
14.4925552072693,0.149065279273964,-1.4877631974804
14.5495958811896,0.150384257827841,-1.40650233519914
14.6066429159143,0.152008274478515,-1.29836112270893
14.6636950041348,0.153728574049044,-1.16907274935368
14.7207510754822,0.155289148335307,-1.02385715924307
14.7778103995148,0.156405370225239,-0.866268709883056
14.834872660206,0.15678121739039,-0.69741353974009
14.8919379968369,0.156174615819151,-0.53123777377053
14.9490069717802,0.154571984938294,-0.377209934314926
15.0060804191561,0.152058512484186,-0.228309766231516
15.0631592645555,0.148762154130501,-0.0784254696692319
15.1202443660918,0.144848331870536,0.0776906680153914
15.177336382616,0.140518386010013,0.244211014621058
15.2344356718594,0.136010767499202,0.42362149639898
15.2915422201536,0.131603725004807,0.615577838904918
15.3486556045357,0.127617465018023,0.815224623138347
15.4057749874757,0.124412483680186,1.01137296174961
15.4628991442689,0.122335191241516,1.18089945635726
15.5200265238267,0.12155629219415,1.30322612234399
15.5771553347789,0.122163703509937,1.36923954663302
15.6342836388809,0.124181611060931,1.37707486983544
15.6914094453096,0.127558754344632,1.33284917915352
15.7485308035082,0.132171028619576,1.2486010397568
15.8056458915796,0.137835521795111,1.13865363217354
15.8627530965901,0.144329808786863,1.01625492543126
15.919851082678,0.151410549289534,0.891635106748507
15.9769388425691,0.158827924431205,0.771536745151468
16.0340157283779,0.166347486316313,0.665737593367341
16.091081467838,0.173797791525036,0.579771723545616
16.1481361827007,0.181041655741438,0.51142277883927
16.2051803967625,0.187960572011939,0.458514718588618
16.2622150241565,0.194450875513982,0.419124182254382
16.3192413373707,0.200420968229988,0.391664211146298
16.3762609150111,0.205789482418377,0.374903703503912
16.4332755695457,0.210484243131815,0.36795959153844
16.4902872555508,0.21444191056411,0.370281854070825
16.5472979593123,0.217608219795342,0.381641840988147
16.6043095720623,0.21995704401434,0.395797403471703
16.661323775749,0.221540657805147,0.406492111199838
16.7183419937352,0.222425183832054,0.41362943384762
16.7753653761526,0.222670176467544,0.417019530092449
16.8323947961792,0.22232790202308,0.416396049251157
16.8894308560306,0.221442747167422,0.411425581618053
16.9464739021464,0.220050791704661,0.401710477698763
17.0035240488243,0.218179585229143,0.38678478757375
17.060581209407,0.215848170569619,0.366102318807641
17.1176451340585,0.213067401603164,0.339015148157066
17.174715452466,0.209847689631229,0.306096052153649
17.2317917032958,0.206222639016757,0.26771485471003
17.2888733245904,0.202231198641284,0.222735577090662
17.3459596368371,0.197911947070396,0.169881493613976
17.4030498368832,0.193304602744013,0.107708399379134
17.4601430031797,0.18845219369568,0.0345844001502216
17.5172381122665,0.183404054694484,-0.0513127838816737
17.5743340666192,0.178219850971312,-0.151960170043375
17.6314297342554,0.172974844851859,-0.269378768321539
17.6885240008268,0.167766594859875,-0.405387536362776
17.7456158344586,0.162719375886065,-0.546691267314653
17.8027043433209,0.157970180241012,-0.676604463027573
17.8597887919361,0.153658230764223,-0.790464426390517
17.9168686089003,0.149912867490803,-0.88260199668458
17.9739434051851,0.146839057603048,-0.947070077510885
18.0310130008854,0.144503853928704,-0.978677341977288
18.0880774567405,0.142925922190943,-0.974050481181365
18.1451371063342,0.142070317158209,-0.932336432731447
18.2021925847305,0.141849896502582,-0.855239515492837
18.2592448494167,0.142133354777165,-0.746358231170752
18.3162951889102,0.142775079275439,-0.617719805634753
18.3733451940152,0.143686814411555,-0.479792678482834
18.4303966588036,0.144809888504995,-0.334330218604486
18.4874514535577,0.14610662006541,-0.182747497293318
18.5445113949316,0.147566117048219,-0.0262652397182441
18.60157811633,0.149209830913072,0.133843170847253
18.6586529411857,0.151096778751908,0.295926422603126
18.7157367624612,0.153328133035999,0.457589632502597
18.7728299323972,0.156050567931512,0.615355800904635
18.8299321672781,0.159457407516921,0.764466970760742
18.8870424741741,0.163767902525392,0.878887845937944
18.9441591398809,0.169136838955361,0.9375783174525
19.0012798368467,0.175644178498248,0.944946662327513
19.0584017836022,0.183290999520849,0.908553026174255
19.1155219186811,0.191997786117855,0.837872639185108
19.1726370792495,0.201614373187646,0.742639489502052
19.2297441755389,0.211936633496552,0.63142891564666
19.2868403512877,0.222725278866998,0.510838963276636
19.3439231201462,0.233723697992985,0.38527394874624
19.4009904683921,0.244673552910107,0.257133103816693
19.458040916768,0.255330636612052,0.138296582418814
19.5150735700035,0.265484555458709,0.0372788928138567
19.5720882075337,0.274954277590755,-0.0495819495529022
19.629085359204,0.283579066085209,-0.125522405142763
19.6860663308456,0.29121327410542,-0.193373068160184
19.7430331784222,0.297723301905236,-0.255635097506751
19.7999886312608,0.30298626697991,-0.314578795949369
19.8569359655146,0.306890051718678,-0.372350857865317
19.9138788298537,0.30933450986414,-0.431087988903928
19.9708210264373,0.310233734620778,-0.493040712578312
20.0277662526146,0.309566848643105,-0.555221879304597
20.0847178421145,0.307514553704933,-0.613321157698442
20.141678590174,0.304299240395123,-0.667427473252556
20.1986506570662,0.300129899208676,-0.717242577680452
20.2556355277584,0.295196415598376,-0.762157810371512
20.3126340230375,0.289663904779092,-0.801327148754644
20.3696463565169,0.283667261636625,-0.833745182965767
20.426672230494,0.277306176932121,-0.858331740157329
20.4837109626395,0.270640931267128,-0.87401777952861
20.5407616349727,0.263689306656425,-0.879820396807089
20.5978232544341,0.256450715655116,-0.881579161049708
20.6548948673023,0.248998478467687,-0.884808682512171
20.7119755527422,0.241427437905717,-0.888003906165903
20.7690643903752,0.2338284062832,-0.889463272183054
20.8261604537992,0.226284554803846,-0.887274883731809
20.8832628290185,0.218868039939756,-0.879321194038043
20.9403706542687,0.211637021657389,-0.863303715270543
20.9974831775443,0.20463331525328,-0.836784584938381
21.0545998281237,0.197880999912553,-0.797235735988044
21.111720298548,0.19138637067882,-0.742080592739862
21.1688446317658,0.185141908311788,-0.679136945630296
21.2259732589907,0.1791488910418,-0.617825055556934
21.2831069046507,0.173432801104323,-0.557838569544571
21.3402464433945,0.16804100350826,-0.498795054018749
21.3973927633119,0.163039652883933,-0.44032894111202
21.454546639097,0.158511106281319,-0.382191018589115
21.5117086163046,0.15455184216418,-0.324353603468203
21.5688789075299,0.151270846096124,-0.267113452986179
21.6260573012088,0.148788381189625,-0.211174395544514
21.6832430837865,0.147235017092714,-0.157681241270507
21.7404349775933,0.146716730300341,-0.10518865309774
21.7976311279163,0.147210462747652,-0.0528391118375206
21.8548291838418,0.148663054407921,-0.00277611974405853
21.9120264086059,0.151024475963475,0.0432517684669303
21.9692197853703,0.154247144993172,0.0839927694284324
22.0264061187232,0.158285081994211,0.118714970444288
22.0835821332402,0.163093039422892,0.14716469404452
22.1407445701096,0.16862570162971,0.169482106195558
22.1978902825094,0.174837011512608,0.186097165754103
22.2550163301243,0.181679642104831,0.197625199917846
22.3121200745113,0.189061759443144,0.20506136041819
22.3691993128576,0.196716865365207,0.210077131168037
22.4262524954591,0.204330256915662,0.214239975941238
22.4832789381494,0.211582476793389,0.218919795939375
22.540278978993,0.218150532710416,0.225341208191673
22.5972540709191,0.223709411395304,0.234682281258714
22.6542068044301,0.227933969865498,0.248208330141103
22.7111408560197,0.230501279811513,0.267448344566033
22.7680608601789,0.231093496790944,0.294443564319804
22.8249722058458,0.22940136333737,0.332130688277806
22.8818807612697,0.225218266258369,0.380245393775172
22.9387925273446,0.218711269183154,0.43740179359387
22.9957132524126,0.210149206197825,0.506375721168785
23.0526480939056,0.199812534454148,0.590854355882241
23.1096013574244,0.187994247281773,0.69582315664042
23.1665763157241,0.175002301882929,0.828088696887264
23.2235751061182,0.161164448696637,0.996944250215342
23.2805987020519,0.146836623831912,1.21487400878507
23.3376469522825,0.13241631848259,1.49783995779426
23.3947186792399,0.118362095667401,1.86373916658916
23.4518118263059,0.105226758915963,2.32951748943893
23.5089236330582,0.093712184899305,2.88595649142665
23.5660508124647,0.0846414062045034,3.45168830904458
23.6231897372549,0.078820661170241,3.84938561545598
23.6803366345537,0.0767410125922636,3.88419220555454
23.7374877776772,0.0782669348184431,3.52280044830931
23.7946396641206,0.0826318381515884,2.92967532766766
23.8517891696582,0.088767304852865,2.30001454268596
23.9089336696924,0.09564037158505,1.73999744724615
23.9660711205667,0.102402356504791,1.27426734689457
24.0232000954628,0.108432716933417,0.912428575227984
24.080319772218,0.113424139676597,0.644677108035079
24.1374298808003,0.117247314989388,0.441129512260775
24.1945306274658,0.119862177125673,0.281398179566487
24.2516226066429,0.12128298227791,0.151758028462098
24.3087067079331,0.121558004741138,0.0428930213117346
24.3657840242325,0.120757344082335,-0.0516287658874248
24.4228557657474,0.118965282047067,-0.136335298776083
24.4799231835501,0.116275232567405,-0.214468973322675
24.5369875052902,0.112786186550157,-0.288371136206502
24.5940498846839,0.108597519583164,-0.359245727169512
24.6511113639761,0.103799131952585,-0.427794812128606
24.7081728463951,0.098476606619394,-0.494773667241985
24.7652350800936,0.0927116315749882,-0.560546119618464
24.8222986542538,0.0865799728428229,-0.625076676654038
24.8793640063041,0.0801493905618649,-0.687886500113469
24.9364314388909,0.0734774600486139,-0.74796721098897
24.9935011450984,0.0666092997663468,-0.803629768377982
25.0505732403778,0.0595752585422295,-0.852223857979595
25.1076477996996,0.0523886805544911,-0.889548588613994
25.1647248980868,0.0450700069577786,-0.938071020659259
25.2218046406611,0.0377338169224606,-1.0351780518245
25.2788871627644,0.0305275932883009,-1.20950937652469
25.3359726223646,0.0236082265926746,-1.52404120819668
25.3930611958098,0.0171459796780649,-2.13770714622408
25.4501530746167,0.011342476871867,-3.54239580242664
25.507248460588,0.00651792593030095,-7.68245569440105
25.5643475569047,0.00360495394760383,0
25.6214505534086,0.004097232162637,0
25.6785576050598,0.00573385161858482,-6.20874191410699
25.7356688035091,0.0068862701329351,-5.74245216515587
25.7927841423013,0.00777770851197826,-6.56954460050413
25.8499034778705,0.00921875742976552,-6.64380445572611
25.9070264920491,0.011965137495943,-5.27143992965129
25.9641526603651,0.0162490987750971,-3.57463594879974
26.0212812286282,0.0219361697665637,-2.29389078193177
26.0784111994902,0.0288308598917141,-1.44595989357739
26.1355413300452,0.0367762627164763,-0.887867344850312
26.1926701410689,0.0456573623517144,-0.507862148824806
26.249795938198,0.0553907015198771,-0.237553558178505
26.3069168460742,0.065876221184835,-0.0432842001117688
26.3640308765318,0.0768700662977317,0.0978033860643272
26.4211360590518,0.0881032897794971,0.20734909063762
26.4782305878023,0.0993198620996927,0.299604983562588
26.5353129552747,0.110276197966879,0.384175043641299
26.5923820643925,0.120742815123682,0.467968865633528
26.6494373124131,0.130508022545231,0.556470197295115
26.7064786410487,0.13938389641648,0.654555692047274
26.7635065489156,0.147215133954926,0.767030762886222
26.8205220646696,0.153891731138295,0.898958371371297
26.8775266819565,0.159405774584241,1.03155604454258
26.9345222608352,0.163955113761947,1.14528581597023
26.9915109138469,0.167771356859636,1.24245461746266
27.0484949009824,0.171062933727864,1.32385599681251
27.1054765400799,0.174005645481912,1.38970947917044
27.1624581316769,0.176734825193196,1.44033446067286
27.2194418952331,0.179339794091074,1.47661913351728
27.2764299121245,0.18186130885601,1.50029025325825
27.3334240697659,0.184292438091645,1.51399102997793
27.3904260006335,0.186582906057699,1.52120390136744
27.4474370103949,0.188707698987956,1.5223777968541
27.5044580061439,0.190849999828569,1.5110258921994
27.5614894663989,0.193198952958562,1.48208230297042
27.618531454572,0.195874923181784,1.43249908268557
27.6755836606528,0.198922662213317,1.36135691505763
27.7326454615913,0.202311099376536,1.26962026962694
27.7897159903962,0.205939637044531,1.15955713514742
27.8467942036814,0.209649707716925,1.03397308555711
27.9038789377209,0.213239732610923,0.895447928278032
27.9609689440154,0.216481688594009,0.745711045934871
28.0180628973728,0.219160406254972,0.603669854235369
28.075159383938,0.221175466048034,0.485101831148598
28.132256896531,0.222505793322602,0.386498323203107
28.1893538368517,0.223175873238756,0.304997279059555
28.2464485236785,0.223242258141747,0.238415345161215
28.3035392131861,0.222783511421859,0.185192620882919
28.3606241361996,0.221892696541045,0.144305555336245
28.4177015557346,0.220671779846128,0.115170712035728
28.474769846952,0.219227536768787,0.0975460833859713
28.5318276006872,0.217668723826342,0.0914294628967451
28.5888737496748,0.216082373127771,0.0938549984324287
28.645907683375,0.214467779467624,0.101919307945559
28.7029292883945,0.212803902236658,0.115845753914478
28.7599389544658,0.211071973811485,0.135885385659612
28.816937576427,0.209256145572225,0.16232416679545
28.8739265538512,0.207344397409775,0.19548786293498
28.9309077887999,0.205329736890607,0.235742761109813
28.9878836822994,0.203211717999128,0.283489377030864
29.0448571302929,0.200998311336334,0.339144910656343
29.1018315200023,0.198708154894771,0.40310839084874
29.158810725549,0.196394260014086,0.463906411988623
29.2157990478984,0.194201096656786,0.50834766482046
29.2728010173251,0.192283749744208,0.534024856212619
29.3298211602068,0.190778312561205,0.538598570381281
29.38686378715,0.189797275436452,0.520200881356601
29.4439328016333,0.189428029442087,0.477791973638035
29.5010315260632,0.18973517734633,0.411398518268898
29.5581625425607,0.190766934899408,0.322195461220857
29.6153275466006,0.192565357319198,0.212446608089541
29.6725272128049,0.195179583264179,0.0853675662020751
29.7297610748739,0.198653832694314,-0.0467219325931861
29.7870274490379,0.202958761417867,-0.172210924778341
29.8443234388115,0.208074721180806,-0.288941547805083
29.9016449672475,0.214015936959889,-0.395419581364323
29.9589868107151,0.220826556297983,-0.490639149779106
30.0163426380014,0.228576153070194,-0.573962885468365
30.0737050597634,0.237355023098846,-0.645056291058749
30.1310656934822,0.247269511170954,-0.703861967418583
30.1884152492682,0.258437552106282,-0.750594342220622
30.2457436421473,0.2709845692637,-0.785736267755752
30.3030401409339,0.284999255125073,-0.800734140140664
30.3602936594373,0.30038285795184,-0.791514923104257
30.4174933334439,0.316926015184761,-0.76510553091373
30.4746291827623,0.334349344716448,-0.727619306878763
30.5316927314563,0.352313002091689,-0.683975267678975
30.5886775595302,0.370426783561594,-0.637868566346839
30.6455797613007,0.388259642812338,-0.591905437707381
30.7023982844536,0.405348472710738,-0.547814427947433
30.7591351237037,0.421206543914268,-0.506670043644839
30.8157953442744,0.435332143075878,-0.469093621847436
30.8723869144462,0.447284229249253,-0.435531521258597
30.9289203673113,0.456890073537467,-0.405312476600747
30.9854083920909,0.464050221642549,-0.377360665448464
31.0418653836925,0.468674760192195,-0.35080738120614
31.0983069433914,0.470685811081333,-0.324911397282766
31.1547493383095,0.470019564426366,-0.298995104915338
31.2112089294236,0.466627621938407,-0.272386637286769
31.2677015789376,0.460477499974861,-0.244359340146567
31.3242420488514,0.451552229198258,-0.21405901267306
31.3808434034023,0.439849089210015,-0.180405869702083
31.4375164292229,0.425447014257378,-0.146659920583685
31.4942691075058,0.408712181001159,-0.11617689821128
31.5511062330929,0.390083483932538,-0.087942316358314
31.6080292380002,0.369994188133989,-0.0611151184872801
31.6650362141536,0.348864810824542,-0.0349829925144613
31.7221221205703,0.327098192120592,-0.00894237849151533
31.7792791563602,0.305076460306762,0.0174954112202898
31.8364972784037,0.28315943936059,0.0446655826269736
31.8937648413915,0.261683962212453,0.0726674229826514
31.9510693378436,0.240963583628106,0.101222729935774
32.008398210451,0.221242014380752,0.130638727916355
32.0657395619592,0.202563947841396,0.161491825407373
32.1230824809935,0.184931536535802,0.193276526410403
32.1804171933438,0.16835258918792,0.225054694829683
32.237735184578,0.152839543049824,0.255236633743666
32.2950293001593,0.138408146644946,0.281283013348844
32.3522938231743,0.125075948503046,0.299322522360935
32.4095245297687,0.112860832444828,0.303706333961404
32.4667187224822,0.10178009333546,0.28657710885378
32.523875241878,0.0918509355843279,0.237637716052145
32.580994456205,0.0830810861456773,0.162544024940792
32.6380782056444,0.0754401395199123,0.0762618767406703
32.69512966176,0.0689066493659858,-0.0172587677853176
32.752153141309,0.0634808454928772,-0.110580515063924
32.8091539018035,0.0591803088296211,-0.192278081553159
32.8661379231301,0.0560310744755721,-0.247988718018262
32.9231116781614,0.0540545933923765,-0.263882913044948
32.9800818949711,0.0532539782297288,-0.231887623048369
33.037055313015,0.0536055316369849,-0.153749813589395
33.0940384354744,0.0550606006862932,-0.0408096999234402
33.1510372807099,0.0575640917122212,0.0850587675668154
33.2080571563829,0.0610905405695609,0.20400475420017
33.2651024933471,0.0656373967096741,0.306476117271207
33.3221767083206,0.0712235196014444,0.387638135975128
33.3792820768358,0.0778890693880796,0.446515902644714
33.4364196186566,0.085692407726693,0.484710475296907
33.4935889990635,0.0947058820619552,0.505222244248739
33.5507884498128,0.105011829004336,0.5115702327149
33.6080147140406,0.116699491992424,0.507216848068732
33.6652630199169,0.12986304643469,0.495242979372535
33.7225270917039,0.144552187507432,0.467630575911459
33.7797992830855,0.160615268916347,0.423545339822392
33.8370709514912,0.177828050937153,0.372668661498878
33.8943329236035,0.19594584760766,0.320667966116715
33.9515759583469,0.214708942092867,0.270487884603183
34.0087911922165,0.233846024614824,0.22337852304459
34.0659705535269,0.253076052395918,0.179602529762955
34.1231071310224,0.272109203518462,0.138878259031208
34.1801954815811,0.290647573598182,0.100637680325865
34.2372318615581,0.308386145945957,0.064164247005665
34.2942143680736,0.325037342489844,0.035183550024723
34.3511430132797,0.340401012137892,0.0179599372747747
34.4080197923571,0.354294933266811,0.0102442270567065
34.4648487016633,0.366532292739627,0.0105410896308564
34.5216356722197,0.376923710046787,0.0179249846561706
34.5783884149786,0.385280429283911,0.0319319042460171
34.6351161774318,0.391418366611854,0.0525072724467787
34.691829413397,0.395162760233013,0.0800010750723419
34.7485393705156,0.396353229131368,0.115209861542031
34.8052576030503,0.394849140637155,0.159473767731692
34.8619954208073,0.390612890850275,0.208058164535093
34.918763295126,0.383942549409391,0.255698126202799
34.975570300362,0.37522881367631,0.303144901785084
35.0324236820741,0.364869735375736,0.350779709131335
35.0893285730102,0.353264051044133,0.398596880919474
35.1462878547128,0.340804797715855,0.446142663158332
35.2033021574257,0.327873172461097,0.492420089498382
35.2603699872897,0.314832453985726,0.535775611101206
35.3174879672025,0.302021737400927,0.573794195754791
35.374651176132,0.289749302018721,0.60324438001158
35.4318535681912,0.278262153106941,0.622706018845985
35.4890883835392,0.267676914256203,0.631570382063113
35.5463484103707,0.258060232061196,0.627145209472704
35.6036261847939,0.249452325809441,0.606791390190725
35.6609141900863,0.241866730807478,0.56814310419917
35.7182050538686,0.235292375686281,0.509317738725519
35.7754917400229,0.229698572428627,0.429077719664691
35.8327677333808,0.225043247186683,0.326924360868263
35.8900272165542,0.221284406770371,0.203137163446775
35.9472652398024,0.218394486169072,0.0588093010340169
36.0044778848987,0.216346986019644,-0.0904027343814456
36.0616623847086,0.215041583921579,-0.227790133961748
36.118817125027,0.214392299260287,-0.350643274152599
36.1759415843495,0.214343843933372,-0.45698260754431
36.2330362548469,0.21485737353081,-0.545501567298337
36.2901025496957,0.215897454464885,-0.615572525135771
36.3471426982797,0.217421083906608,-0.667271204836819
36.4041596290293,0.219369353680086,-0.701372292755687
36.4611568382362,0.221662069108405,-0.719284576417225
36.5181382420641,0.22419532331963,-0.722919205525137
36.5751080092157,0.226870761122763,-0.710434514646844
36.6320703979056,0.229678606722693,-0.67899647869161
36.6890296484326,0.232602486233023,-0.629585491613914
36.7459899017444,0.235593306858306,-0.563446080715306
36.8029551160497,0.238576334600257,-0.481890286981496
36.8599289753878,0.241460476352205,-0.386083965856095
36.9169147859659,0.244149282930505,-0.276858510081818
36.9739153574101,0.246553355143858,-0.154579145885679
37.0309328678179,0.248604091997987,-0.0190918573313011
37.0879687136338,0.250269001570203,0.130229050039062
37.1450233500907,0.251569533040739,0.279913992433802
37.2020961836892,0.252588355980005,0.41677873614178
37.2591856137782,0.25344846029214,0.541639337864917
37.3162891434414,0.254297365134638,0.654655511157521
37.3734035099122,0.255294765637288,0.755418189398034
37.4305248353021,0.256600989142765,0.843115913085571
37.4876487987765,0.258366084397091,0.916764790868262
37.5447708296578,0.260719704575155,0.975475839670027
37.6018863194768,0.263762221213266,1.01871836610249
37.6589908497121,0.267557648956082,1.0465291754494
37.7160804300559,0.272121616590537,1.05715275048251
37.7731517217595,0.277392240129429,1.05023448748039
37.8302022037682,0.283244611634578,1.02888179253283
37.8872302985308,0.289502446616229,0.996541500337396
37.9442354649478,0.29594622908409,0.956661762115365
38.0012182479134,0.302322528392513,0.912427627887674
38.0581802734673,0.308353446256764,0.866603495927055
38.1151241793895,0.313745507673041,0.821480971403002
38.1720534723862,0.31819764871633,0.778910525186859
38.2289723048464,0.321408202468895,0.740390362287995
38.2858851685245,0.323143778525451,0.710008508794032
38.3427965600782,0.323435606728367,0.689640920513128
38.3997107459314,0.322395583234301,0.677628778369333
38.4566316018575,0.320149478578721,0.672673244054192
38.5135624925834,0.316832693538716,0.673724404655155
38.5705061937862,0.312586634751212,0.679894361998716
38.6274648590308,0.307555523195593,0.69038699695968
38.6844400327038,0.301883510918045,0.70443936033383
38.7414327086929,0.295712018295909,0.721271701323352
38.7984434334529,0.289177228915668,0.740044930362406
38.8554724485288,0.282411154242343,0.75742359444604
38.9125198035884,0.275548193946892,0.769497954272583
38.9695853324578,0.268709108665816,0.774381415607012
39.0266685956555,0.261993558516981,0.770073324945325
39.0837688501377,0.255477103268803,0.754529883909874
39.1408850426819,0.249209334830698,0.725740268703546
39.1980158208459,0.243213578007284,0.681790162231665
39.2551595558666,0.237488585651468,0.620893248594289
39.3123143725593,0.232012604461275,0.541375723209564
39.3694781822293,0.226750121350936,0.441610699468317
39.4266487157551,0.221660435672067,0.332063523675067
39.483823554024,0.216713423315254,0.224535493748617
39.5410001536079,0.211909862664643,0.119347630974388
39.59817587279,0.207280438590445,0.0169177838696566
39.6553480035109,0.202881069511929,-0.0820789237312659
39.7125138126662,0.198788188956283,-0.176575524736571
39.7696705951572,0.195093841291249,-0.265020780941626
39.8268157402378,0.191900439875122,-0.345353069258858
39.8839468119875,0.189315100120741,-0.415068673338852
39.9410616441431,0.18744360489314,-0.471406074896032
39.9981584487807,0.186348977030214,-0.505056394006728
40.0552359293917,0.185934618256371,-0.508706438577548
40.1122933717001,0.186037269390692,-0.483571384010478
40.1693307042936,0.186461836802741,-0.431759414479705
40.226348529381,0.186987033954709,-0.355588866927185
40.2833481204434,0.187374732241285,-0.256871352013032
40.3403313838199,0.187382022511164,-0.136252941622092
40.3973007824002,0.186775554168647,0.007362403959834
40.4542592213858,0.185348602911636,0.177339769367377
40.5112098985122,0.18294246840346,0.37983414390913
40.5681561244196,0.179524099489461,0.59866463093148
40.6251011303935,0.175344358879635,0.81390745827042
40.6820479032145,0.17076081309468,1.02565272872402
40.7389990685318,0.166167593536462,1.22963559058249
40.7959568235001,0.16197315865859,1.41680264860511
40.8529229163568,0.15857013118312,1.57387431626839
40.9098986677392,0.156296749428087,1.6856790771689
40.9668850260935,0.155394500802413,1.73929935518277
41.0238826476162,0.155971945025092,1.72861292839689
41.0808919898165,0.157986486273919,1.65679682508171
41.1379134064758,0.161272547953838,1.54415543664983
41.1949472207807,0.165653566091336,1.41059785205315
41.2519937539304,0.170938202347484,1.26510923810341
41.3090533312959,0.17692162705423,1.11527790360915
41.3661262770015,0.183399676617817,0.966635814253387
41.4232128950332,0.190178991521995,0.822638200115508
41.4803134348794,0.197083493010187,0.684998924897063
41.5374280401953,0.203958149622033,0.554139090515016
41.5945566795383,0.210671070425429,0.429605782215097
41.6516990588455,0.217114794827194,0.310403820249567
41.708854517323,0.223215080229642,0.200162560520118
41.7660219412068,0.2289552119108,0.101673763485716
41.8231997537304,0.234351120566843,0.0127959742397834
41.8803859362051,0.239438908211205,-0.0681541838561315
41.9375780517384,0.244270827589667,-0.142451057950032
41.9947732735422,0.248912110004696,-0.211012096639262
42.0519684207688,0.253438351490237,-0.274446830976766
42.1091600045059,0.257933235352112,-0.333101872097396
42.1663442862915,0.26248642414978,-0.387103471409213
42.2235173512435,0.267191500033924,-0.436399896516724
42.280675198552,0.272125221747869,-0.477445538629354
42.3378138718184,0.27728428403408,-0.507486040349789
42.3949296547619,0.282629929100508,-0.527612922691667
42.4520192821992,0.288103479485512,-0.53898276132076
42.5090801378608,0.293625673982262,-0.542784018024153
42.5661104338202,0.299097031449158,-0.540198549858951
42.6231093668167,0.304399028583168,-0.532363687738148
42.680077246505,0.309395892475923,-0.520339771264392
42.73701559061,0.313936835031285,-0.505086176132429
42.793927182127,0.317858587233061,-0.487446892097381
42.8508160826054,0.32101399571002,-0.466139786417587
42.9076875628163,0.323351416970694,-0.439255901833613
42.9645479061912,0.324837497968524,-0.406552782320627
43.0214041635289,0.325432896818014,-0.367692934399667
43.078263899156,0.32509458472232,-0.322208728793955
43.1351349294036,0.323778699000786,-0.269455562926536
43.1920250534071,0.321444008589335,-0.208551551343878
43.2489417771137,0.318056115303484,-0.138301434064222
43.3058920324185,0.313592611238312,-0.0571023930184538
43.362881894534,0.30804955869877,0.0371689182260677
43.4199163010599,0.301495107622878,0.140830921685012
43.4769987583164,0.294213415212841,0.24954353094199
43.5341310327852,0.286571049474609,0.36422138755725
43.591312905841,0.27897208200473,0.484541586458708
43.6485420240109,0.271858216517375,0.608428399859487
43.7058138449136,0.265706780260783,0.731500656145347
43.763121677067,0.261023943206225,0.84672597890606
43.8204568116005,0.258330424347432,0.944675418958635
43.8778087444499,0.258138222677536,1.01477849597801
43.9351654888381,0.260920117316346,1.04763801092539
43.9925139819798,0.266975097252402,1.03327643248344
44.049840639198,0.276081989488156,0.974291790971918
44.1071320902308,0.287789390364133,0.884705467037904
44.1643759302294,0.30154882478664,0.778157976813633
44.2215613984866,0.316751953859279,0.665443455369943
44.2786799618408,0.332760675063819,0.553729356627527
44.3357257792002,0.348927493529791,0.446904614659946
44.3926960220305,0.364607953165055,0.346371715456746
44.449591025666,0.37916847421002,0.251830527080467
44.5064142481971,0.391992693241905,0.161858787895685
44.563172018967,0.402579067614047,0.081651439383011
44.6198731067906,0.410821035256399,0.0151448670018488
44.676528235967,0.416736065793238,-0.0407071552683965
44.7331495993751,0.420368747413693,-0.0880644676350793
44.7897503695723,0.421785403230363,-0.128459492375636
44.8463442206355,0.421069628527268,-0.162971074042835
44.9029448722804,0.418318217779732,-0.192341203995024
44.9595656656299,0.413637227862916,-0.217052634318445
45.0162191778964,0.407138093940302,-0.237378684285847
45.0729168812402,0.398933815363491,-0.253411974337771
45.1296688467559,0.389184421915369,-0.267520887377931
45.1864834392452,0.37824530659604,-0.281665350883266
45.2433669457737,0.366523074794967,-0.295032069611904
45.3003232811196,0.354422366030955,-0.306538385222433
45.3573538327851,0.342341443409693,-0.314782158909351
45.4144574365706,0.330668643608315,-0.31802021847608
45.4716304696064,0.319779588142556,-0.314203003637775
45.5288670474254,0.310035038017899,-0.301099475323703
45.5861593124317,0.301779348059499,-0.276543037125701
45.6434978028825,0.295339638005682,-0.238807402654578
45.7008718925228,0.290955060783465,-0.196801690723282
45.7582702489688,0.288573273045326,-0.161593278509568
45.8156811992611,0.288077079676512,-0.134925135192532
45.8730930211894,0.289355553143618,-0.117957599857149
45.9304941993217,0.292302507299096,-0.111235203188066
45.9878736545752,0.29681571542692,-0.114729562138033
46.0452209532363,0.302796988164177,-0.127939570809966
46.102526500183,0.310153071934478,-0.150021718215161
46.1597817202274,0.31879722704606,-0.17992309822695
46.2169792309862,0.328651299156845,-0.216495834227503
46.2741130123304,0.339608334718328,-0.249808296761885
46.3311786178875,0.351405818674821,-0.271923991875582
46.3881734751766,0.363728148551052,-0.284774060170703
46.4450971623638,0.376243421305696,-0.290257611729426
46.501951598185,0.388604294827097,-0.290103198130902
46.558741130396,0.400450311950598,-0.285802354260331
46.6154725094727,0.411411564752635,-0.27859326082424
46.6721547347143,0.421113565123076,-0.269475203975815
46.7287987614099,0.42918313427168,-0.25923925030736
46.7854170603307,0.435255035632288,-0.248505427805693
46.8420230266776,0.439064741340617,-0.236451358374837
46.8986303036483,0.44070746225085,-0.221465636255137
46.9552521940392,0.440374625514886,-0.202854249834159
47.0119011741052,0.438265231476445,-0.179873967269534
47.0685884809139,0.434583759970654,-0.151715972647621
47.1253237761051,0.429538318603082,-0.11749316458999
47.1821148886547,0.423339383983116,-0.0762322760127397
47.2389676374799,0.416199471229211,-0.0268738131925902
47.2958857334366,0.408334044155809,0.0317146315018289
47.3528707594934,0.399963947858315,0.10070248428941
47.4099222265588,0.391314826973802,0.172641667212647
47.4670376762643,0.382604568468515,0.239070220838052
47.5242127828311,0.374050320026711,0.299337839463542
47.5814414910111,0.365864966735122,0.352419249117886
47.638716212337,0.358249393208568,0.396956397778527
47.6960280751879,0.351385014225509,0.431345616568245
47.7533672220014,0.345426769086905,0.453872811528132
47.8107231462925,0.340497007180653,0.462887874723079
47.8680850618776,0.336680887976744,0.456995121265049
47.9254422967907,0.334024008656541,0.435225322675889
47.9827847030785,0.332506564697642,0.402331753759501
48.0401030305401,0.331976968640526,0.364148441909513
48.0973891712149,0.332251223148349,0.321711241706184
48.154636319153,0.333145133492338,0.275968242655465
48.2118390847524,0.334477377327204,0.227715364583286
48.2689935663695,0.336072084528604,0.177558080061499
48.3260973801565,0.337760976092901,0.125895090551483
48.3831496490743,0.339385165364448,0.0729175278987097
48.440150952159,0.340796750404409,0.0186170105390229
48.4971032353658,0.341860330023898,-0.03720313422088
48.5540096866714,0.342455874376815,-0.0893114341665177
48.6108746023185,0.34248121514078,-0.13255925935649
48.6677032871827,0.341841858649957,-0.167383052907481
48.7245019533234,0.340445799370061,-0.194173296642441
48.7812775935,0.338201057555292,-0.2132532007295
48.8380378292988,0.335014060038483,-0.224856837424361
48.8947907343858,0.330788746949195,-0.229101097719274
48.9515446335697,0.325426290009854,-0.225945583570597
49.0083078787765,0.318825317772105,-0.215132812830205
49.0650886036998,0.310882563997278,-0.196097156917937
49.1218944590661,0.301550912830056,-0.170414075054613
49.1787323192554,0.291012878166722,-0.13905176162849
49.2356079728648,0.279511477504759,-0.0999834790122205
49.2925258698808,0.267292601242939,-0.0507979486419227
49.3494889486368,0.254605374419898,0.011360552042765
49.4064985381006,0.241704400289174,0.0897994150262992
49.4635543292568,0.228854378629634,0.188166707840775
49.5206544089899,0.216337563211785,0.310102554432947
49.5777953500361,0.204464289269649,0.458458571267842
49.6349723512465,0.19358609843408,0.633824964909042
49.6921794240473,0.184056305299897,0.820925504484701
49.7494096314519,0.176063366437581,0.999444137813075
49.8066553766131,0.169752539213769,1.15748636046071
49.8639086972258,0.165249085994242,1.28205750193188
49.9211615494887,0.16262835303181,1.36190329103282
49.9784060807295,0.161889284387352,1.39074802801526
50.0356348890509,0.162939012072861,1.36934826720358
50.0928412672304,0.165593219441708,1.30516740341164
50.1500194271766,0.169591142661027,1.20987402035679
50.2071647005264,0.174619014623491,1.09607429413001
50.2642737102643,0.180329788983482,0.9758709372717
50.3213445029708,0.186350959649276,0.858627855669929
50.3783766267203,0.192314622441328,0.74948787083533
50.4353711555683,0.197869096873426,0.651024148004894
50.4923306609736,0.202681224975715,0.564055530503347
50.5492591271131,0.206436377523967,0.488341990951086
50.6061618081454,0.208837508330314,0.423088705653785
50.6630450271578,0.209604012295632,0.367276325604549
50.7199159185685,0.20847070214293,0.319863751860379
50.7767821181293,0.205186935842012,0.27991063064965
50.8336514074447,0.199604808330693,0.242915057458595
50.8905313302943,0.191943290126843,0.202096650955168
50.947428834666,0.182515960062486,0.15274264758618
51.0043499888697,0.17163984393643,0.0889235159945789
51.061299779454,0.159635412473661,0.00261288770359062
51.1182819881357,0.146829436906945,-0.117501597081277
51.1752991420899,0.133562631698546,-0.287598432378335
51.2323525299815,0.120205324591598,-0.530482645462651
51.2894422749492,0.107186303686949,-0.876178883433661
51.3465674553908,0.0950414481274425,-1.35643149547551
51.403726263496,0.0844321064309804,-1.97004617605435
51.4609161598134,0.0760397987537817,-2.65323047429891
51.5181339565777,0.0706724188512603,-3.23740036475637
51.5753758702732,0.0690953621787868,-3.46649665602709
51.6326375752464,0.0716489218669439,-3.21347739175601
51.6899142607809,0.0780379119754499,-2.63054805266376
51.7472006924812,0.0875454133905752,-1.97319673383853
51.8044912785746,0.0994029715353538,-1.3970232776957
51.8617801415617,0.112995992281533,-0.944113048869582
51.9190611955337,0.127894290113315,-0.602838310282037
51.9763282315286,0.143783108267636,-0.358839448732312
52.0335750627424,0.160327899573204,-0.194562949330516
52.0907958039796,0.177227816898303,-0.0859997669767082
52.1479851852766,0.194213844321452,-0.0160777499532289
52.2051388364539,0.211029207104108,0.0269203401663653
52.2622535305963,0.227418626816432,0.0509246808662463
52.3193273757109,0.24312290728191,0.061259632421949
52.3763599434422,0.25787682324666,0.0614578693924554
52.4333523239197,0.2714091832415,0.0537996327879349
52.490307096632,0.28344443429879,0.0396589993167625
52.5472282098371,0.293741404010953,0.0210579695774785
52.6041207936644,0.302203891272298,-0.000735313964733202
52.6609909726729,0.308774298251149,-0.0261439096325743
52.7178456609999,0.313399867389529,-0.0557733891372885
52.7746923220168,0.316035128222248,-0.0904508556608932
52.8315386976361,0.316644455657869,-0.131287795629353
52.8883925143867,0.31520483179566,-0.179774028792207
52.945261174322,0.311709010952852,-0.237914783635064
53.0021514397668,0.306169455655164,-0.308429150217709
53.0590691218415,0.298623675054755,-0.395036093537105
53.1160187837361,0.28919072247546,-0.494196062324067
53.1730034775668,0.278216614072012,-0.600787702904978
53.2300245611694,0.266113107769759,-0.716743180761829
53.2870816288415,0.253303907682414,-0.843237682903068
53.3441725549319,0.24022130142949,-0.980196128637457
53.4012936406386,0.227300914669049,-1.12553741203189
53.4584398514892,0.214972416803927,-1.27422180577961
53.5156051308968,0.203643521308853,-1.41737260360678
53.5727827738253,0.193675022417448,-1.54204504334594
53.6299658438815,0.185346846206204,-1.63241337966314
53.6871476149198,0.178793687962355,-1.67917208623553
53.7443219673303,0.173913610873894,-1.68200785209993
53.8014836308607,0.17046917337571,-1.64258528136105
53.8586283357795,0.168131191267953,-1.56789171479518
53.9157529167284,0.16650370038295,-1.46817358511448
53.9728553675797,0.165153159858036,-1.35439846741829
54.0299348449058,0.163635137065782,-1.2362835960396
54.0869916192586,0.161514433099574,-1.12134162899537
54.1440269753493,0.158377724525155,-1.01483194812847
54.2010430643955,0.153839855006544,-0.920280043176444
54.2580427136953,0.147635410187188,-0.846677898418797
54.3150291890621,0.139893765197259,-0.796941703773197
54.3720059226246,0.130872789491389,-0.765763532517064
54.4289762732781,0.120857199615253,-0.748591408604196
54.4859433444415,0.110147908029574,-0.74061785047748
54.5429098569168,0.0990536101658056,-0.735406140517916
54.599878070783,0.0878835734155157,-0.722745991326538
54.656849748081,0.0769411486035638,-0.685129292858346
54.7138261467827,0.0665185022483599,-0.592088538323224
54.7708080361861,0.0568953933271693,-0.392125661562792
54.8277957251343,0.0482986745337338,-0.0462043669926438
54.8847891119643,0.0407849545383987,0.473587460059537
54.9417877738658,0.0344460177003081,1.21951763624924
54.9987910617496,0.0295109096169804,2.17392218359335
55.0557981850571,0.0263684522907898,3.08301022057724
55.1128082889185,0.0254463204055128,3.41107944425103
55.1698205264258,0.0269002840032247,2.89234636740936
55.2268341285112,0.0304561512695795,1.93447407435325
55.2838484737436,0.0356523727621246,1.02640266933148
55.3408631602703,0.0421170100715777,0.343484884874996
55.3978780810745,0.0496158368644948,-0.0811130230810287
55.4548934778797,0.0579438203507891,-0.29386278185569
55.511909930679,0.0669224100579103,-0.381026690611382
55.5689283229478,0.0763761584322967,-0.396942057545989
55.6259498062734,0.0861171120052146,-0.373716994883757
55.6829757613329,0.0959427611566834,-0.329612733577634
55.740007749911,0.105638782227855,-0.274588974817755
55.7970474519162,0.114983013916295,-0.21368220054325
55.854096581071,0.123749467192544,-0.148975661529711
55.9111567731233,0.131712139691669,-0.0806957562555133
55.9682294421308,0.13871073509394,-0.0164254556407819
56.0253156300175,0.144839466265673,0.0388063345008776
56.082415909427,0.150261075577852,0.0881159039261557
56.1395303201649,0.155143839180783,0.13324212928196
56.1966583204472,0.159660836503034,0.175022032639453
56.2537987555589,0.163989307741367,0.213656694320387
56.3109498469715,0.168309921894102,0.24887991346386
56.3681092045642,0.172805837895807,0.280089240769355
56.4252738643596,0.177661491440255,0.306471703428678
56.4824403541174,0.183061096459434,0.32713864435639
56.5396047905975,0.189126915683848,0.335785566867695
56.5967630420795,0.195732934069958,0.328991017142353
56.6539109879829,0.202676388914315,0.310092679551256
56.7110447901879,0.209738166853207,0.281999587030234
56.7681611311464,0.21668538671048,0.247003538377943
56.8252574116331,0.223274394679895,0.206712158230721
56.8823319023723,0.229253868283177,0.16205185826582
56.9393838441268,0.234367945896612,0.113293913718549
56.9964134916324,0.238359443971025,0.0600658233126886
57.0534220980439,0.240973314766801,0.00131632230691174
57.1104118377678,0.242010628976495,-0.0581671360082173
57.167385657804,0.241482596414937,-0.11400528234466
57.2243470648403,0.23946101450925,-0.168143471659117
57.2812999066099,0.236026872579008,-0.222287289315461
57.3382481729345,0.231269254024436,-0.278045135102574
57.395195821361,0.225284560511333,-0.33704917242995
57.4521466307096,0.218176050320451,-0.401070259761743
57.5091040849581,0.210053746267668,-0.472139470972048
57.5660712890503,0.201034824038205,-0.552687262999422
57.6230509174272,0.191244650934976,-0.645709762420846
57.6800451942421,0.18085123151894,-0.747963396488823
57.7370558783693,0.170157504968355,-0.852169937741711
57.794084219111,0.159486871217748,-0.953905379654249
57.8511309354616,0.149137663116616,-1.04558958923991
57.9081962389467,0.139368217168559,-1.11592728755036
57.9652798891715,0.130379249047733,-1.14997534144304
58.022381270176,0.122296388490143,-1.13023325434209
58.0794994765539,0.115158557548737,-1.03873150665165
58.1366333998628,0.108920163563674,-0.859333739545643
58.1937818081208,0.10347524867001,-0.57901105560171
58.250943413309,0.0986897093638128,-0.228407187274897
58.3081169047195,0.0944247351668819,0.149969618446828
58.3653009141748,0.0906532288587109,0.548737365412621
58.4224939498977,0.0874837611272109,0.955725063975735
58.4796943277995,0.0851489679846509,1.34785074251096
58.5369001081129,0.0839760263205661,1.68766998826548
58.5941090426712,0.0843309345624584,1.92895622354934
58.6513185364824,0.0865387765516838,2.03464303936991
58.7085256257431,0.0908038825073616,1.99769113347627
58.7657269730698,0.0971665971096848,1.84630585440448
58.8229188815139,0.105496700155057,1.62143976751462
58.8800973751747,0.115477343224007,1.36832968653112
58.9372584189594,0.126705371918785,1.12399617826114
58.9943981862567,0.138760473216566,0.906132959038836
59.051513314197,0.151233259822621,0.719483515955278
59.1086011339756,0.163734934551622,0.562090220177885
59.1656598653826,0.175897692149388,0.42930617666916
59.2226887648291,0.187371850858296,0.315844611135378
59.2796882168227,0.197822754941293,0.216621017863909
59.3366597600522,0.206928728278342,0.126962602066131
59.3936060412916,0.214418347423404,0.0448850369788302
59.4505307011491,0.220184926920342,-0.0317454481523697
59.5074382182732,0.224174002743532,-0.106945890183632
59.5643337259079,0.226346348936781,-0.184320705707863
59.6212228049077,0.226680003616706,-0.267478942452856
59.6781112603622,0.22517365787894,-0.360413371145469
59.7350048899514,0.22185177876522,-0.467902497353258
59.7919092529252,0.216772264880801,-0.595982624395077
59.8488294493335,0.210038039345223,-0.752515701154053
59.9057699198323,0.201814882427417,-0.947814131164725
59.9627342760516,0.19240412255588,-1.18306007791358
60.0197251504456,0.182393830002788,-1.45276573973385
60.0767440545054,0.172509728953943,-1.75326786254314
60.1337913094085,0.163562758189269,-2.06740724958725
60.1908660714383,0.156414625476201,-2.35840267188427
60.2479664415244,0.151889741119395,-2.57124252544563
60.3050896442449,0.150629926335528,-2.65048422134502
60.3622322594664,0.152938042647332,-2.57022131450608
60.4193904883094,0.15869870675298,-2.35129874108498
60.476560434281,0.167430864054714,-2.04732843947651
60.5337383792061,0.178445024209605,-1.72348748958456
60.5909210114765,0.191051610839418,-1.42293277853643
60.6481055558586,0.204651524097252,-1.15904252284049
60.7052898383459,0.218748365178733,-0.933567587284268
60.7624723059874,0.232940351843409,-0.74269057992818
60.8196519989034,0.246904627045948,-0.580690357740463
60.8768284716239,0.260381977124183,-0.441732631415801
60.9340016619117,0.273164819958444,-0.320576701998172
60.9911717063766,0.285088915997502,-0.21275158428663
61.0483387034498,0.296028387458907,-0.114507422658123
61.1055024291448,0.30591892430028,-0.0289692288193667
61.1626620987646,0.314828877240717,0.0410938236223011
61.2198163369575,0.322869605616532,0.0986024126432887
61.2769632429499,0.330160466968933,0.145573836375549
61.3341004737525,0.336822085363039,0.183391580330731
61.3912253464476,0.342971083201591,0.212995564393314
61.4483349624422,0.348715850195404,0.235019010659256
61.505426355134,0.354153120572036,0.249888661791082
61.5624966611959,0.35936525004323,0.257898822865726
61.6195433146372,0.364418155789067,0.259265664820897
61.6765642623803,0.369319482150966,0.256732444231232
61.7335582056647,0.373898142141685,0.253307422290589
61.7905248491599,0.377929340597872,0.249537716364457
61.8474650979506,0.381177910645287,0.245931312043829
61.9043811793386,0.38340119004086,0.242969404026283
61.9612766854187,0.384352093655255,0.241126955738089
62.0181565343432,0.383782313701134,0.2409021426111
62.0750268500084,0.381445556372227,0.242857207919377
62.1318947621474,0.377100696903659,0.247676216055843
62.1887681314817,0.370514715661338,0.256250134609555
62.2456552053334,0.361538391481257,0.273010954603613
62.3025641649793,0.350332281106207,0.302533465987922
62.3595025439769,0.337155391969001,0.346762250489069
62.4164766872689,0.322292449699273,0.408566944201792
62.4734913277888,0.306055495231161,0.491918254325912
62.5305492851426,0.2887892414625,0.602074128570526
62.5876512854199,0.270881684793863,0.745666175688507
62.6447958987913,0.252781685814614,0.930414089670722
62.7019795897937,0.235024934352056,1.16386579655078
62.7591968741015,0.218267752326652,1.45002185260653
62.8164405750574,0.203295605621941,1.76749377963407
62.8737021701877,0.19091053806488,2.07403498778055
62.930972205525,0.181869031688576,2.32231349023356
62.9882407525263,0.176756123871068,2.45813894657594
63.0454978869527,0.175820090968813,2.44605729255944
63.1027341688004,0.178869946169876,2.29127205539321
63.1599411020151,0.185306435915969,2.03599425173102
63.2171115528916,0.194267120869784,1.73420713068172
63.2742401067767,0.204796371636956,1.42874820531798
63.3313233440325,0.215967888434089,1.14363968754734
63.3883600181412,0.226955531977346,0.890710864129471
63.4453511194529,0.237088425442874,0.671058043283092
63.5022998154046,0.245816594516385,0.477899203268867
63.5592112755382,0.252682679671352,0.303295725307987
63.616092388432,0.257308330706126,0.139005201861313
63.672951377968,0.25938750395069,-0.023553396931302
63.7297973310301,0.258686988920888,-0.193874296982354
63.7866396539252,0.255055039597684,-0.383386192874946
63.8434874802539,0.248440812606754,-0.606993407178933
63.9003490585084,0.238930774379491,-0.885271937704105
63.9572311541699,0.226905599267289,-1.22084677586016
64.0141385347192,0.213355822676218,-1.60678009252982
64.0710736580011,0.199572691653226,-2.04490316093283
64.1280365935807,0.187047173954465,-2.51081829867415
64.1850251509483,0.177395577208813,-2.93687820791496
64.2420351851167,0.172131102467582,-3.21527857132499
64.2990610406833,0.172272065969373,-3.25059991980869
64.3560960880782,0.177976264813277,-3.03458985313136
64.413133300931,0.188493209591728,-2.65428573157559
64.4701658210773,0.202474086684832,-2.22221724322508
64.5271874576608,0.218446971255525,-1.82976500841087
64.5841930767538,0.235344999403432,-1.5105713180688
64.6411788798383,0.25241761290353,-1.25733685299419
64.698142589629,0.269111691843839,-1.05778683124065
64.7550835479958,0.285013730451666,-0.900074113319182
64.8120027283477,0.299806812302662,-0.774419062389056
64.8689026653005,0.313241366698533,-0.673237862390771
64.9257873050654,0.325116226993351,-0.590797148441047
64.9826617807523,0.335266755443685,-0.522795505036986
65.0395321176639,0.343557604595161,-0.465999611359018
65.0964048757151,0.34991345115622,-0.420025219120975
65.1532867669672,0.354422414201025,-0.384327540409036
65.2101843272407,0.357228727728524,-0.356657667217092
65.2671036393114,0.358492850070221,-0.33536334097783
65.3240500966074,0.358387112624231,-0.319202681072031
65.381028214333,0.357091989968251,-0.307216908002495
65.4380414936946,0.354792799533368,-0.298641069918618
65.4950923428701,0.351676735692196,-0.292839652122463
65.5521820565897,0.347930190831948,-0.289258881362498
65.6093108546817,0.343736337073229,-0.287390721125193
65.6664779765727,0.339255784090906,-0.287064347901999
65.7236817750155,0.334576776194144,-0.288361244615819
65.7809197090548,0.329771810121478,-0.291168327331153
65.8381883053903,0.324915105887889,-0.295366333619933
65.895483137887,0.320082111349182,-0.300823199880196
65.9527988267978,0.315349046075815,-0.307387406779076
66.0101290570716,0.310792465415534,-0.314881565670293
66.0674666150385,0.306488823256183,-0.323096686969112
66.1248034427259,0.302514011424526,-0.331787748044176
66.1821307090499,0.29894285556175,-0.340671332139305
