s,curvature,torsion
0,0.129256892395631,-0.160783239736183
0.0678748596729272,0.128009384431798,-0.164765995141701
0.13569433681114,0.126760350449936,-0.168825074859364
0.203462231542173,0.125511454352444,-0.172959886687251
0.271182181630675,0.124264349452407,-0.177169528670268
0.338857665498836,0.123020677648767,-0.181452755201456
0.406492005339864,0.121782068709897,-0.185807941331017
0.474088370318224,0.120550139650092,-0.190233045441531
0.541649779850733,0.119326494182339,-0.19472557047528
0.609179106964023,0.11811272222877,-0.199282523996518
0.676679081722271,0.116910399469588,-0.203900377418853
0.744152294720694,0.115721063236742,-0.20857156548588
0.811601200641948,0.114546139925162,-0.21328840567058
0.87902812186648,0.113387013721017,-0.218046367156997
0.946435252115459,0.112245049814673,-0.222840361922771
1.01382466011612,0.111121594201435,-0.227664715490794
1.08119829328623,0.110017973428904,-0.232513139861065
1.14855798143372,0.108935494272523,-0.237378709404685
1.21590544046834,0.107875443322847,-0.242253840462151
1.28324227612242,0.106839086468689,-0.24713027554395
1.35056998767779,0.105827668260737,-0.251999073015969
1.41788997169428,0.104842358120122,-0.25684935859837
1.4852035256887,0.103884090485506,-0.261671656109354
1.55251185166871,0.102953723623314,-0.266458326551034
1.61981605957022,0.102052092727413,-0.271201371497039
1.68711717063935,0.101180009949344,-0.275892451861534
1.75441612076085,0.100338264352389,-0.280522911821867
1.82171376373259,0.0995276217886685,-0.285083808174532
1.88901087448632,0.0987488247015078,-0.289565945265689
1.95630815225522,0.0980025918553477,-0.293959915579946
2.02360622368873,0.0972896179984015,-0.29825614598705
2.09090564591357,0.096610592050429,-0.302439790246082
2.15820690950098,0.0959662510649095,-0.306494824957653
2.22551044128028,0.0953573212898589,-0.310409817326485
2.29281660707447,0.0947844980202659,-0.314173403533961
2.36012571440115,0.0942484443131673,-0.317774379825373
2.4274380151412,0.0937497896958154,-0.321201797939781
2.49475370817617,0.0932891288865669,-0.32444506366926
2.56207294199481,0.0928670205499403,-0.327494037118623
2.62939581726989,0.0924839861066057,-0.330339133019589
2.6967223894061,0.0921405086218829,-0.332971419465392
2.76405267105585,0.0918370337470541,-0.335363105610882
2.83138663448006,0.0915739689986619,-0.337486896757684
2.89872421356034,0.0913516670554287,-0.339336113162578
2.96606530565893,0.0911704215929689,-0.340905424650811
3.03340977345048,0.0910304668028219,-0.342190923306751
3.10075744672963,0.0909319772552451,-0.343190178096978
3.16810812419402,0.0908750681166121,-0.343902270035662
3.23546157520283,0.0908597957323051,-0.34432780694457
3.30281754151032,0.0908861585716027,-0.344468917445335
3.37017573897476,0.0909540985334416,-0.344329224239559
3.43753585924225,0.0910635786586301,-0.343859441190071
3.5048975714088,0.0912147925915125,-0.343007766557342
3.57226052368489,0.0914079014633024,-0.341776986207185
3.63962434508835,0.0916429533726775,-0.340172299700535
3.70698864716619,0.0919198847514304,-0.338201234886075
3.77435302574007,0.092238522485853,-0.335873525983178
3.84171706266895,0.0925985867533451,-0.333200958744126
3.9090803276237,0.0929996945245895,-0.330197187114691
3.97644237986748,0.0934413636709283,-0.32687752653879
4.04380277003652,0.0939230176045099,-0.323258729461159
4.11116104191577,0.0944440450246415,-0.31929408031425
4.17851673421692,0.0950039456281044,-0.314937091694824
4.24586938238817,0.0956021308365606,-0.310207215764914
4.31321852045057,0.0962378703154285,-0.305125535129658
4.38056368284332,0.0969102998238094,-0.299714424893851
4.44790440626467,0.0976184296787265,-0.293997212526874
4.51524023149748,0.0983611537034376,-0.287997843662374
4.58257070520627,0.0991372585355755,-0.281740560982648
4.6498953816948,0.0999454331704797,-0.275249602333504
4.71721382461241,0.100784278629219,-0.268548922987492
4.78452560860677,0.101652349618195,-0.261667557552981
4.85183032114942,0.102548258143182,-0.254632247429459
4.91912756491118,0.103470583125739,-0.247462577086015
4.98641696031521,0.104417846007113,-0.240177260632929
5.05369814802526,0.105388518538791,-0.232794019499655
5.12097079135039,0.106381030340758,-0.22532948586049
5.18823457855743,0.107393776195828,-0.217799130529115
5.25548922508151,0.108425123064634,-0.210217213580037
5.32273447562718,0.109473416807483,-0.202596755723526
5.38997010615113,0.11053698861392,-0.19494952818643
5.45719592571339,0.111614112305083,-0.187263083431245
5.52441177803659,0.112702860426596,-0.179526147611014
5.59161754250649,0.113801251858708,-0.171750208398081
5.65881313482213,0.114907307702185,-0.163945297055579
5.72599850743278,0.116019058997068,-0.156120027484275
5.7931736497596,0.117134554185359,-0.148281646109523
5.86033858819467,0.118251866345772,-0.14043609022288
5.92749338587107,0.119369100231814,-0.132588052595627
5.99463814219869,0.120484399142476,-0.124741050492906
6.06177299216109,0.121595951660814,-0.116897497436029
6.12889810538118,0.122702010440484,-0.10912509688459
6.19601368523295,0.12380094082333,-0.101487447225637
6.26311996845055,0.124891197976682,-0.0939795990694053
6.33021722479677,0.125971316896983,-0.0865961190804484
6.39730575651647,0.127039912940744,-0.0793311782388641
6.46438589756832,0.128095682462463,-0.0721786300062582
6.53145801263933,0.12913740357231,-0.0651320792898167
6.59852249594772,0.130163937026613,-0.0581849431104379
6.66557976983984,0.131174227255333,-0.0513305038428793
6.73263028318757,0.132167303533997,-0.0445619559084027
6.79967450959392,0.133142279801377,-0.0379483053245067
6.86671294542413,0.134098355646553,-0.0315558000032188
6.9337461076867,0.135034826813396,-0.0253737250849743
7.00077453175689,0.135951084003541,-0.0193917423701598
7.06779876894285,0.136846609228476,-0.0135999065642636
7.13481938390456,0.137720972486841,-0.00798867485216804
7.20183695193577,0.138573828739583,-0.00254891104701048
7.26885205611936,0.139404915160857,0.00272811457904417
7.33586528436614,0.140214048637884,0.00785072889574744
7.40287722634704,0.141001123498203,0.0128268621529371
7.46988847033969,0.141766207026518,0.0175925499935508
7.53689960028562,0.142509822401338,0.022085177115662
7.60391119356457,0.143232637832049,0.026313813006332
7.67092381910433,0.143935360306936,0.0302867851005656
7.737938035565,0.144618729065291,0.0340117356661547
7.8049543895937,0.145283509479108,0.037495676439561
7.87197341415453,0.145930487321789,0.0407450408583217
7.93899562693866,0.146560463401083,0.0437657337564062
8.00602152885822,0.147174248537646,0.0465631784590414
8.07305160262639,0.147772658875374,0.049142361247426
8.14008631141366,0.148356471984826,0.0514983600240241
8.20712609727155,0.148926309718608,0.0536263257368983
8.27417137881231,0.149482762904092,0.0555308145662186
8.3412225486121,0.150026429383735,0.0572160886937116
8.40827997063981,0.150557911531333,0.0586861424425991
8.47534397772361,0.151077814105474,0.0599447262861598
8.54241486905441,0.151586742431458,0.0609953687524901
8.60949290772528,0.152085300908594,0.0618413962360571
8.67657831830517,0.152574091833752,0.0624859507907934
8.7436712844452,0.15305371453989,0.062932005934264
8.81077194653562,0.153524842198561,0.0631504978248078
8.87788039991988,0.153988438635772,0.0631122840670347
8.94499669451058,0.154445499303753,0.0628200067520206
9.01212083504534,0.154896969053701,0.0622761997326272
9.07925278148117,0.155343741441085,0.0614833096314604
9.1463924495,0.155786658544441,0.0604437131585243
9.2135397111166,0.156226511294147,0.0591597309831655
9.28069439538131,0.1566640403053,0.0576336384109585
9.34785628916897,0.157099937209287,0.0558676731579757
9.41502513804646,0.157534846477982,0.0538640405191849
9.48220064721597,0.157969332460927,0.0516755730432398
9.54938248265733,0.158403778199825,0.0493544431045027
9.61657027265544,0.158838497083543,0.0469018210936538
9.6837636094702,0.159273770779887,0.0443188436848348
9.75096205100618,0.159709851563457,0.0416066086763961
9.81816512247156,0.160146964829912,0.0387661697908756
9.88537231802201,0.160585311793803,0.0357985315780761
9.9525831023857,0.16102507236346,0.0327046445311513
10.0197969124654,0.161466408189179,0.0294854005809114
10.0870131589153,0.161909465880303,0.0261416290639859
10.1542312276979,0.162354397055316,0.0227578039968798
10.2214504818413,0.162801409896186,0.0194170706677581
10.2886702637558,0.163250717222669,0.0161182360930791
10.3558898977704,0.163702518638386,0.0128601331686337
10.4231086926685,0.164156999671457,0.00964161981971746
10.490325944216,0.164614330973209,0.00646157799866953
10.5575409376781,0.165074667573652,0.0033189125644685
10.6247529503265,0.165538148192873,0.000212550056443979
10.6919612539343,0.166004894605955,-0.00285856261118699
10.7591651172573,0.166475011061923,-0.00589545951334501
10.8263638084987,0.166948510422403,-0.00885696269351124
10.893556597677,0.167425094754604,-0.0117025294774419
10.9607427587357,0.167904376480555,-0.0144341506035212
11.0279215714581,0.168385951036839,-0.0170538361211201
11.0950923232452,0.16886939606082,-0.0195636113245204
11.1622543107576,0.169354270739675,-0.0219655131034741
11.229406841417,0.1698401153191,-0.024261586611916
11.2965492347659,0.170326450773004,-0.0264538822273845
11.36368082368,0.170812778631327,-0.0285444527193018
11.4308009554301,0.171298580964284,-0.0305353506087339
11.4979089926071,0.171783376188096,-0.0323583366058057
11.5650043143279,0.172266870722231,-0.0339458117243937
11.6320863184208,0.172748763795229,-0.0353007061589764
11.6991544239555,0.173228685956219,-0.0364258444799971
11.7662080736966,0.173706197552637,-0.0373239471418423
11.8332467364528,0.174180787752963,-0.0379976300222557
11.9002699093093,0.174651874108413,-0.0384494019720803
11.9672771197318,0.175118802649742,-0.0386816603441923
12.0342679275293,0.175580848510369,-0.0386966845377059
12.1012419266623,0.176037217073178,-0.0384966275850823
12.168198746892,0.176487077252292,-0.0380966269895929
12.2351380554361,0.176929654981515,-0.0375114462652988
12.3020595589223,0.177364134501329,-0.036742478467663
12.3689630053675,0.17778962830024,-0.0357909772510026
12.4358481859964,0.178205179952173,-0.034658045013763
12.5027149368812,0.178609767375852,-0.0333446195514011
12.5695631403884,0.179002306511462,-0.0318514593231938
12.6363927264215,0.179381655410586,-0.030179127409223
12.7032036734475,0.179746618735358,-0.0283279742570546
12.7699960092962,0.180095952660822,-0.0262981192856057
12.8367698117241,0.180428439968199,-0.0241405355861389
12.903525208782,0.180743106483291,-0.0219055560125122
12.9702623790938,0.181039018771405,-0.0195920636676363
13.0369815520184,0.181315218031352,-0.0171988129211566
13.1036830076594,0.181570723445935,-0.0147244200348086
13.1703670767119,0.181804535688867,-0.0121673534047391
13.2370341401449,0.182015640588265,-0.00952592339276882
13.3036846287125,0.182203012943541,-0.00679827173745047
13.3703190222921,0.182365620494039,-0.00398236051787715
13.436937849046,0.18250242803589,-0.00107596065312983
13.503541684413,0.182612348230528,0.0018955736434352
13.5701311501501,0.182694079804956,0.00490708597646889
13.6367069137505,0.182746262085422,0.00796140769914067
13.703269687837,0.182767531332258,0.0110615876437238
13.7698202292944,0.182756525176467,0.0142109064179429
13.8363593381318,0.182711887162136,0.0174128917973485
13.9028878560747,0.182632271388501,0.0206713353409839
13.9694066648866,0.182516347246118,0.023990310337975
14.0359166844228,0.182362804238978,0.027374191234957
14.1024188704183,0.182170356888682,0.0308276746754151
14.1689142120158,0.181937895360288,0.0342965301206488
14.2354037291039,0.181664921304696,0.0377258354678241
14.3018884696469,0.181351102617692,0.0411195011423877
14.3683695070331,0.180996125819803,0.0444814445682489
14.434847937413,0.180599695388307,0.0478156059632309
14.5013248770256,0.180161533149154,0.0511259646467084
14.5678014595175,0.179681377727648,0.0544165559242539
14.6342788332552,0.17915898405506,0.05769148864811
14.7007581586326,0.178594122931496,0.0609549635349069
14.7672406053765,0.177986580641797,0.0642112923594277
14.8337273498445,0.177336264870537,0.0674371994559533
14.9002195721462,0.176643523011928,0.0706083331325303
14.9667184528663,0.175908821388571,0.0737274272529395
15.0332251697563,0.175132635508102,0.0767971501116145
15.0997408945872,0.17431544651893,0.0798201210866091
15.166266790173,0.173457737767658,0.0827989273447213
15.2328040075592,0.172559991461641,0.0857361406910306
15.2993536833782,0.171622685445815,0.0886343346504366
15.365916937365,0.170646290097269,0.0914961018881822
15.4324948700345,0.169631265345898,0.0943240720798835
15.499088560498,0.168578162549575,0.0971149080698188
15.5656990640522,0.167487942517221,0.0998641563664278
15.6323274089971,0.166361669043468,0.102572735805272
15.6989745933524,0.165200400856494,0.105241473759288
15.7656415818559,0.164005186662752,0.107871116924111
15.8323293032538,0.162777060349126,0.110462342135596
15.8990386478766,0.161517036350628,0.113015767281824
15.965770465493,0.160226105193506,0.115531962387473
16.0325255634359,0.158905229221064,0.118011460945518
16.0993047049906,0.157555338509544,0.120454771567717
16.1661086080408,0.156177309129657,0.12286363441968
16.2329379440179,0.154771905124215,0.125240075860735
16.2997933372274,0.153339827398888,0.127585065053333
16.3666753644391,0.151881728515972,0.129899641323355
16.4335845546727,0.150398210064099,0.132184931504265
16.5005213891696,0.148889820236049,0.134442168468258
16.5674863015381,0.147357051615,0.136672711020786
16.6344796780661,0.145800339169363,0.138878065339212
16.7015018581918,0.144220058454843,0.141059908195899
16.7685531351212,0.142616524023294,0.143220112220208
16.8356337565673,0.140990147964711,0.14536325013088
16.9027439250967,0.139341927906293,0.147491533238776
16.9698837973387,0.137672981095921,0.149603366235818
17.0370534829623,0.135984382673018,0.151697035740963
17.1042530439444,0.134277161552646,0.153770711277996
17.1714824941369,0.132552296523551,0.155822446570827
17.2387417991213,0.130810712558681,0.157850181151323
17.3060308763376,0.129053277337428,0.15985174232655
17.3733495954763,0.127280797977402,0.161824847502818
17.440697779121,0.125494017973945,0.163767106893434
17.5080752036087,0.12369370016101,0.165714459384436
17.5754815996298,0.121880898754123,0.167703583823898
17.6429166518381,0.120056728944426,0.169733022580289
17.7103799982639,0.118222281667143,0.171801176622923
17.7778712300012,0.116378619963991,0.173906293830551
17.8453898911785,0.114526775504322,0.176046456997321
17.9129354791997,0.112667745257682,0.178219571582997
17.9805074452474,0.110802488309665,0.180423353252957
18.0481051950338,0.108931922812695,0.182655315224881
18.115728089789,0.107056923063739,0.184912755508499
18.1833754474633,0.105178366662975,0.187238264810365
18.2510465438331,0.103297297211822,0.189676850192956
18.3187406130387,0.101414798828102,0.192229191945772
18.3864568480479,0.0995319472841822,0.194895853372434
18.4541944013412,0.0976498073195677,0.197677254384577
18.5219523858187,0.0957694300425325,0.200573642490903
18.5897298759207,0.093891850403829,0.203585061052369
18.657525908951,0.0920180847265183,0.206711314648807
18.7253394865899,0.0901491282739213,0.209951931479358
18.7931695765903,0.0882859528383646,0.213306122684889
18.8610151146423,0.0864295245613337,0.216791092688859
18.928875006436,0.0845808658608271,0.220424875608576
18.9967481299711,0.0827409987927673,0.22420735370618
19.0646333380544,0.0809109234196788,0.228137941527351
19.1325294609409,0.0790916154234306,0.232215512101659
19.2004353091046,0.0772840236156943,0.236438316737916
19.2683496761294,0.075489067320718,0.240803898327197
19.3362713417078,0.073707633606465,0.245308998201123
19.4041990747375,0.0719405743399943,0.249949456764727
19.472131636504,0.0701887030443372,0.254720108239759
19.5400677839271,0.0684528429049371,0.259699873624448
19.6080062725494,0.0667340004798406,0.264974766531019
19.6759458587746,0.0650332489710695,0.270548638568227
19.7438853018582,0.0633516798705623,0.276424052304751
19.8118233659549,0.0616903999438395,0.282601969215419
19.8797588222301,0.0600505278495132,0.289081391502794
19.9476904510244,0.0584331903244679,0.295858954347535
20.015617044063,0.0568395178599493,0.302928465814644
20.0835374067022,0.0552706397885235,0.310280392790061
20.1514503602035,0.053727678698244,0.317901292744574
20.2193547440247,0.0522116704613592,0.325855041098945
20.2872494180713,0.0507233542065417,0.334220994556045
20.3551332648154,0.0492634193197401,0.343003722466545
20.4230051913299,0.0478325803288039,0.35220476146282
20.4908641312799,0.0464315733021153,0.361821939298833
20.5587090468688,0.0450611515210849,0.371848613484666
20.6265389307371,0.0437220803212213,0.382272826052707
20.6943528078099,0.0424151309903951,0.393076380303721
20.7621497370919,0.0411410736093599,0.404233851595823
20.8299288134049,0.0399006687199104,0.415711551961156
20.8976891690645,0.0386945766446479,0.427550368708567
20.9654299754729,0.0375231214273083,0.439810146169891
21.0331504445786,0.0363865572304761,0.452474047020137
21.100849830225,0.0352851485977119,0.465518149629714
21.1685274294035,0.0342191646298066,0.478910501900482
21.2361825834151,0.0331888721874638,0.49261018568669
21.3038146789414,0.0321945280531769,0.506566436061961
21.3714231490273,0.0312363700029759,0.520717871366704
21.4390074739751,0.0303146067640001,0.534991901460046
21.5065671821526,0.0294294068679886,0.549304392155084
21.5741018507208,0.0285808218566823,0.563576890742187
21.6416111064089,0.0277685816301568,0.577743828707548
21.7090946265349,0.0269922816174284,0.591728884516488
21.7765521400632,0.0262514408717399,0.605453123588033
21.8439834285735,0.0255454958745625,0.618836692356613
21.9113883271357,0.0248737951408638,0.631800805327509
21.9787667250972,0.0242355948932525,0.644269979922685
22.0461185667828,0.0236300560764541,0.656174450899587
22.113443852109,0.023056242970989,0.667452674784355
22.1807426371179,0.0225131236395839,0.678053817352444
22.2480150344252,0.0219995937758477,0.688220049360555
22.3152612134284,0.0215146016279481,0.698230067728428
22.3824814000312,0.0210571896993575,0.70809611225074
22.4496758761376,0.0206264964283828,0.717827365485339
22.5168449790815,0.0202217645779042,0.727427964814067
22.5839891010005,0.0198423485864712,0.736894902213048
22.6511086881617,0.0194877206325908,0.746215882098273
22.7182042402437,0.0191574751624896,0.755367223539869
22.7852763095808,0.0188513316342254,0.764311910152519
22.8523255003733,0.0185691352396614,0.772997908122989
22.9193524678649,0.0183109074900986,0.781535834060276
22.9863579174051,0.0180770315796913,0.789993939787644
23.0533426032622,0.0178681437577637,0.79821715532287
23.1203073273371,0.0176850715829147,0.806014652159382
23.1872529378697,0.0175288105371977,0.813162531102196
23.2541803281477,0.0174004954472793,0.819408825408977
23.3210904352206,0.01730136695003,0.824481016916647
23.3879842386246,0.0172327335473593,0.82809605995052
23.4548627591194,0.0171959301477716,0.829972631332238
23.5217270574432,0.0171922743625536,0.829845002660529
23.5885782330815,0.0172230738498292,0.827452621028838
23.6554174229399,0.0172897324472738,0.822541534110322
23.7222457997422,0.0173935405260373,0.814925457978387
23.7890645703425,0.0175355782102321,0.804493089595244
23.8558749740679,0.0177166795798741,0.791215866492741
23.9226782810978,0.017937406985068,0.775150039487392
23.9894757908806,0.0181980364956896,0.756432837393934
24.0562688305886,0.018498554690871,0.735273233586409
24.1230587536115,0.0188386661736053,0.711938458149031
24.1898469380888,0.0192178104873614,0.686737818037734
24.2566347854733,0.0196352153903729,0.659874150951919
24.3234237189484,0.0200899895100756,0.631561782687187
24.3902151814143,0.0205810299231934,0.602150138353811
24.4570106333301,0.0211070275317652,0.571978978904838
24.5238115505902,0.0216665085208218,0.541366290620947
24.590619422439,0.0222578750923615,0.510599633793074
24.6574357494245,0.0228794439980567,0.479930838960225
24.7242620413867,0.0235294818659209,0.449573652903106
24.7910998154815,0.0242062367457631,0.419703777260662
24.8579505942368,0.0249079656570956,0.390460692423482
24.9248159036282,0.0256329462795009,0.36183867110479
24.991697270851,0.0263794460235969,0.333822159998612
25.0585962212728,0.0271457524961365,0.306490515457926
25.1255142750801,0.0279302046195479,0.279899131141974
25.1924529439369,0.028731213027598,0.254082867626177
25.2594137276691,0.029547277717523,0.229059450550671
25.326398110972,0.0303770033368613,0.2048326861313
25.3934075601417,0.0312191124745494,0.181395401852129
25.4604435198318,0.0320724572981738,0.158732065701844
25.5275074098344,0.0329360298410948,0.136821070162718
25.5946006218835,0.0338089226961643,0.115741150026311
25.6617245163331,0.0346901970110485,0.0955556019426518
25.7288804184745,0.0355790420643495,0.0762158961460644
25.7960696147246,0.0364748267413232,0.0576740437670458
25.863293348836,0.037377100788573,0.0398836856334904
25.9305528181401,0.0382855960298011,0.0228009037844609
25.9978491698287,0.0392002275840332,0.00638481140964029
26.0651834972803,0.0401210950936137,-0.00940203255728943
26.1325568364397,0.0410484839442782,-0.0245933470643735
26.199970162257,0.0419828664391672,-0.039218961398058
26.2674243851981,0.0429248532133744,-0.053163252407838
26.3349203478573,0.0438750404823183,-0.0663253986040856
26.4024588217117,0.0448341479899414,-0.0787504282842782
26.470040503983,0.0458030609058512,-0.090478233276742
26.5376660145898,0.0467828232387224,-0.10154390173692
26.6053358932019,0.0477746315565518,-0.111978080914227
26.6730505964067,0.0487798289080625,-0.121807357784785
26.7408104949997,0.0497998988511003,-0.131054649120465
26.8086158714112,0.0508364595038739,-0.139739595002627
26.8764669172826,0.0518912575487563,-0.147878951575308
26.944363731193,0.0529660937738555,-0.155424883038127
27.0123063162633,0.0540626089746125,-0.162337777780692
27.0802945771816,0.0551824776068183,-0.168643169137511
27.148328317108,0.0563274688270444,-0.17436467733145
27.2164072347553,0.0574994401103131,-0.179524320112637
27.2845309216704,0.0587003311067839,-0.184142803216774
27.3526988597296,0.0599321577183335,-0.188239788216025
27.4209104188614,0.061197006384523,-0.191834135915831
27.4891648550121,0.0624970285757651,-0.194944123901592
27.5574613083693,0.0638344354975535,-0.197587637298109
27.6257988018713,0.0652112964758209,-0.19962887922752
27.6941762403629,0.0666289119802833,-0.200960238647653
27.7625924109212,0.068088342360652,-0.201640214606468
27.8310459837405,0.0695905940134527,-0.201725245388409
27.8995355132196,0.0711366187680461,-0.201269583779763
27.9680594392382,0.072727314675616,-0.200325177108651
28.0366160886232,0.0743635279967852,-0.198941558134558
28.105203676807,0.076046056195051,-0.197165751853798
28.1738203096774,0.0777756517536241,-0.195042201954746
28.2424639856203,0.0795530266470017,-0.192612719498905
28.3111325977799,0.081378703912488,-0.18984907306645
28.3798239371333,0.0832525367628677,-0.18673435998431
28.4485356972931,0.0851741303627784,-0.183322085021294
28.5172654800075,0.087142997825231,-0.17966136310062
28.5860108007312,0.0891585697001979,-0.175796986222178
28.6547690942268,0.0912202034856991,-0.171769537620575
28.7235377201826,0.0933271929953311,-0.167615545570465
28.7923139688312,0.0954787774531435,-0.163367669052064
28.8610950665522,0.0976741502205677,-0.159054907658029
28.9298781814448,0.0999124670891849,-0.154702828590049
28.9986604288756,0.102192804066953,-0.15031697862866
29.0674388776008,0.104513997600159,-0.145903042286204
29.1362105574075,0.106874771994331,-0.141482039734512
29.2049724672495,0.109273792055192,-0.137072093199032
29.2737215832314,0.111709669459124,-0.132688671399174
29.3424548663957,0.114180968619788,-0.128344828606066
29.4111692702858,0.116686212083258,-0.124051435294382
29.4798617482615,0.1192238854948,-0.1198173980427
29.5485292605413,0.121792442191317,-0.115649867048173
29.6171687809477,0.124390307480454,-0.111554430111988
29.6857773033391,0.127015814525006,-0.107528305280656
29.7543518479732,0.129666996192887,-0.10356905396087
29.8228894681789,0.132341780292719,-0.099680704170189
29.8913872568341,0.135038060128067,-0.0958660648623446
29.9598423523408,0.137753698846694,-0.0921268772338277
30.0282519440525,0.140486533893982,-0.0884639518052336
30.0966132771236,0.143234381655328,-0.0848772918404009
30.1649236567504,0.145995042372491,-0.0813662038178095
30.2331804517706,0.148766305416308,-0.077929395770649
30.301381097595,0.15154595499647,-0.0745650643476022
30.3695230984977,0.154331810020509,-0.071284451777023
30.4376040307121,0.157121797318639,-0.0680970500766063
30.5056215486873,0.159913795437812,-0.0649981060987345
30.5735733921622,0.162705595408623,-0.0619828914090324
30.6414573925644,0.165494904119481,-0.0590467111612429
30.7092714786427,0.168279348354374,-0.0561849108992848
30.7770136813003,0.171056479547232,-0.053392881479542
30.8446821375986,0.17382377930587,-0.0506660622674811
30.9122750938991,0.176578665758902,-0.0479999427674418
30.9797909081138,0.179318500774235,-0.0453900628190771
31.0472280510836,0.182040821295652,-0.0428717318951219
31.114585108322,0.184743989703127,-0.0404771658165977
31.1818607842498,0.187426480405837,-0.0381978457978882
31.2490539070963,0.190086651394559,-0.0360259222129626
31.3161634332413,0.192722746370215,-0.0339541497891123
31.3831884509262,0.195332897654402,-0.0319758297578756
31.4501281833153,0.197915129897344,-0.0300847581177173
31.5169819908827,0.200467364599223,-0.0282751792582963
31.583749373106,0.202987425461184,-0.026541744312182
31.6504299694428,0.205473044579185,-0.0248794736546128
31.7170235596013,0.207922031463081,-0.0233120509657733
31.783530063873,0.210332747192065,-0.0218620672746107
31.8499495448711,0.212703589794101,-0.0205235990659362
31.916282209569,0.215032830447833,-0.0192912645669414
31.9825284108742,0.217318617013034,-0.0181601749224184
32.0486886486877,0.219558978357861,-0.01712589109315
32.1147635704283,0.221751829490903,-0.0161843858137924
32.1807539710003,0.223894977508509,-0.0153320100402544
32.2466607921826,0.225986128360677,-0.0145654634050865
32.3124851214187,0.228022894437759,-0.0138817682498439
32.3782281900183,0.230002825298758,-0.013301410087255
32.4438913715677,0.23192345958677,-0.0128445765410261
32.5094761818563,0.233782224277499,-0.0125083782776658
32.5749842790235,0.235576414509011,-0.0122903181848656
32.6404174630886,0.237303202751745,-0.0121882732418318
32.7057776748014,0.238959649064352,-0.0122004802113294
32.7710669937852,0.240542712416919,-0.0123255249444529
32.8362876359413,0.242049263050555,-0.0125623351201954
32.9014419500908,0.243476095833205,-0.0129101763162325
32.9665324138257,0.244819944560367,-0.0133686513318157
33.0315616285932,0.246077738521564,-0.0139487949009796
33.0965323151618,0.247247307179725,-0.0146616429702434
33.1614473114856,0.248326606638088,-0.0155073437567347
33.2263095713453,0.249313478433549,-0.0164864313860242
33.2911221626416,0.250205659146265,-0.0175998297834917
33.355888265264,0.251000791020267,-0.0188488612935719
33.4206111685076,0.251696433563955,-0.0202352600647539
33.4852942680103,0.252290076089632,-0.0217611902854044
33.5499410621838,0.252779151142203,-0.0234292694542445
33.6145551481161,0.25316104875443,-0.0252425969119554
33.6791402169013,0.2534334107886,-0.0271718851025861
33.7437000478657,0.253594999210093,-0.0291877827088965
33.8082385010294,0.25364489497175,-0.031293878640877
33.8727595089245,0.25358222840052,-0.0334940559073282
33.9372670683632,0.253406184677822,-0.0357925219164879
34.0017652321774,0.253116009250884,-0.0381938421665559
34.0662581009301,0.252711013161358,-0.0407029776607311
34.1307498145988,0.252190578276872,-0.0433253264643149
34.1952445442349,0.251554162415307,-0.046066769839962
34.2597464836025,0.250801304353291,-0.0489337234761274
34.3242598407769,0.249931722356968,-0.0519021924520272
34.388788829092,0.248945613916333,-0.0549479690723487
34.4533376565183,0.247843401158431,-0.0580779206756079
34.5179105145757,0.246625638977425,-0.0612994088254402
34.5825115674469,0.245293012538954,-0.0646203506261159
34.6471449413326,0.243846334386569,-0.0680492858375313
34.7118147140698,0.242286541214441,-0.0715954505958359
34.7765249050295,0.240614690376932,-0.075268858680113
34.841279465317,0.238831956218582,-0.0790803913645902
34.9060822682918,0.236939626313277,-0.0830418970327199
34.9709371004101,0.234939227937672,-0.0871322016195192
35.0358476519268,0.232832919468855,-0.0913293383328715
35.1008175067835,0.230623100201401,-0.0956454136859758
35.1658501326192,0.228312270204917,-0.100093495364474
35.2309488714434,0.225903019300082,-0.104687728595255
35.2961169310081,0.223398016591205,-0.109443465098053
35.361357376895,0.220800000719205,-0.114377406429712
35.4266731253313,0.218111771001357,-0.119507763709312
35.4920669367484,0.215336179633644,-0.124854436021306
35.5575414100957,0.212476125136514,-0.130439210025287
35.6230989778676,0.209534906212766,-0.136234518798882
35.6887419005056,0.206517306517793,-0.142208161626012
35.7544722582399,0.203428526552231,-0.148377269022482
35.8202919428924,0.20027380816017,-0.154760048129097
35.8862026510732,0.197058416251317,-0.16137588732854
35.9522058788117,0.19378762276902,-0.168245466086524
36.0183029175985,0.190466693029489,-0.175390869928432
36.0844948518118,0.187100874537975,-0.182835710152574
36.1507825575013,0.183695388373702,-0.190605247565164
36.2171667024954,0.180255423224469,-0.198726518999658
36.283647747732,0.176786362403209,-0.207220111031842
36.3502259481388,0.17329450260696,-0.216102957184105
36.416901350532,0.169786408838969,-0.22539834080323
36.4836737913335,0.166268682832437,-0.23512981418384
36.5505428957506,0.162747956480141,-0.245320954127011
36.6175080784277,0.159230887653929,-0.255995045302
36.6845685455109,0.155724158192336,-0.267174677750643
36.7517232980616,0.15223447377519,-0.278881243360694
36.818971136753,0.148768565339719,-0.291134314837914
36.8863106677826,0.145333191618574,-0.303950889876293
36.9537403098996,0.141935213077714,-0.317366100538301
37.021258301702,0.138581834183178,-0.331409719278391
37.0888627079273,0.135280439807313,-0.346082834937713
37.1565514259703,0.132038530914952,-0.361377879056432
37.2243221933499,0.128863721617375,-0.377276622497286
37.2921725960857,0.125763732283781,-0.39374795096714
37.3601000779107,0.122746377272916,-0.410745460093502
37.4281019502497,0.119819545700197,-0.428204941870295
37.4961754028888,0.116991173551084,-0.446041873371393
37.5643175152644,0.114269205409052,-0.464149064769427
37.6325252682677,0.111661674938695,-0.482410203625669
37.7007955557587,0.109177058364929,-0.500674248469987
37.7691251945903,0.106823843360871,-0.518740996298036
37.8375109343262,0.104610301607904,-0.53638066333654
37.9059494673356,0.102544368098628,-0.553336238250931
37.9744374392177,0.100633504043644,-0.5693279694794
38.0429714594815,0.0988845459459797,-0.584060209661617
38.1115481124072,0.0973035450422868,-0.597230642862574
38.1801639680114,0.0958956029924469,-0.608541652469096
38.2488155930452,0.0946647112136625,-0.617713274496759
38.3174995619207,0.0936137392581638,-0.624554552592674
38.3862124667999,0.09274477608718,-0.628905561704758
38.4549509257039,0.0920587157469779,-0.63059394915346
38.523711589761,0.0915550560773204,-0.629507754558434
38.592491150248,0.0912318573045868,-0.625601959636939
38.6612863453974,0.0910857423814804,-0.618900949320105
38.7300939669098,0.0911119397724638,-0.609496597690089
38.7989108661203,0.0913043663676375,-0.597542197246118
38.8677339597593,0.0916557454600676,-0.583242915299472
38.9365602352587,0.092157752577364,-0.566843804994846
39.0053867555535,0.0928012271694538,-0.548794865475488
39.074210663494,0.0935765971309426,-0.529546005049475
39.1430291860941,0.0944740918472754,-0.509358242412557
39.2118396383578,0.095483858569915,-0.488478611514916
39.2806394265201,0.0965960824565401,-0.46713421002973
39.3494260506905,0.0978010906348867,-0.445528229576913
39.4181971068939,0.0990894394773146,-0.423837791969636
39.4869502885051,0.100451985321556,-0.402213315745669
39.5556833870744,0.101879939665399,-0.380779091908813
39.624394292542,0.103364910393345,-0.359634745305001
39.693080992856,0.104898898956955,-0.338941768585062
39.761741573372,0.106474253353239,-0.318836517589913
39.8303742166273,0.108083819890706,-0.299350164093697
39.8989772018875,0.109720972342103,-0.280498383960817
39.9675489041005,0.111379596589754,-0.262284167015207
40.0360877922614,0.113054072527832,-0.244700326564415
40.104592427207,0.114739254508016,-0.227731690602804
40.173061458859,0.116430451344879,-0.211356978938516
40.2414936229381,0.118123406656429,-0.195550384999013
40.3098877371703,0.119814280116491,-0.180282889344046
40.3782426970286,0.121499610739419,-0.165617325397704
40.44655747154,0.123176256567123,-0.151609645040771
40.5148310999875,0.124841455006635,-0.138218893928025
40.5830626887215,0.126492819194891,-0.125404775452341
40.6512514076109,0.128128313603963,-0.113128120686741
40.7193964861455,0.1297462321937,-0.101351224019783
40.7874972092258,0.131345178958138,-0.0900380731465685
40.855552912674,0.13292405069153,-0.0791544970119267
40.9235629785001,0.134482021786125,-0.068668250985674
40.9915268299583,0.136018530875337,-0.0585490548351222
41.0594439264656,0.137533232613737,-0.0488869112953563
41.1273137593836,0.139025867532281,-0.0397685176693927
41.1951358502327,0.140496337626169,-0.0311620936366055
41.2629097498103,0.141944718472414,-0.023038404188119
41.3306350372712,0.143371238645059,-0.015370627603391
41.3983113191592,0.144776260930274,-0.00813421329905877
41.465938228416,0.146160265136062,-0.00130673499914829
41.5335154233887,0.147523832309665,0.00513225686188058
41.6010425868584,0.148867630202221,0.011201380631693
41.6685194251087,0.150192399835862,0.0169175648828295
41.7359456670829,0.151498910914228,0.0222475566091176
41.8033210644605,0.152787833893235,0.0271583361708434
41.870645393959,0.154059788696694,0.0316649227157575
41.9379184605482,0.155315357863863,0.0357810154961772
42.0051401007616,0.156555073543258,0.039519126113054
42.0723101860708,0.157779405659981,0.0428907004231909
42.1394286263192,0.158988751198453,0.0459062300367009
42.2064953732092,0.160183424553835,0.0485753535647712
42.2735104238362,0.161363648913951,0.0509069477886622
42.3404738242592,0.162529548642007,0.0529092090612745
42.4073856731083,0.163681038277062,0.0546001303515319
42.474246125511,0.164817497619517,0.0559974645642067
42.5410553977412,0.165938069943522,0.0571082664886835
42.607813772028,0.167041762379403,0.0579391881404694
42.6745216011864,0.168127444516089,0.058496495807798
42.7411793130368,0.169193847966898,0.0587860815023708
42.807787414589,0.170239566886742,0.0588134691717679
42.8743464959687,0.171263059433271,0.0585838159600806
42.9408572340608,0.172262650161634,0.0581019088857684
43.0073203958459,0.173236533344423,0.0573721571877163
43.0737368414243,0.1741827180724,0.0564044185539272
43.1401075271313,0.175098846400469,0.0552083374168003
43.2064335093876,0.175982360309832,0.0537873902836036
43.2727159485208,0.176830566065416,0.0521445984842345
43.338956112088,0.177640642833462,0.050282494871985
43.4051553776559,0.178409652248397,0.0482030875798648
43.4713152350117,0.17913454891015,0.0459078207277633
43.5374372877817,0.179812191790976,0.0433975319548214
43.6035232544346,0.180439356525789,0.0406724065396508
43.669574968649,0.181012748560683,0.0377319278013244
43.735594379029,0.18152904149407,0.0346152390535163
43.8015835482021,0.181984966730625,0.0313603816967354
43.8675446513777,0.182377257892153,0.0279641437500712
43.933479974299,0.1827026405746,0.0244226279500647
43.9993919105372,0.182957846341033,0.0207311977314706
44.0652829581224,0.183139627112258,0.0168844172947721
44.1311557155124,0.183244769909865,0.012875984899276
44.1970128769022,0.183270111905499,0.00869865838104125
44.2628572268803,0.183212555730359,0.00434417178998282
44.3286916344435,0.183069085001135,-0.000196858100927077
44.3945190463539,0.182837047869895,-0.00486061098532377
44.4603424791431,0.182514990120334,-0.00958357993736389
44.5261650087753,0.182101886282883,-0.0143768783755035
44.5919897593636,0.181596879850864,-0.0192521584225611
44.657819891747,0.180999286946364,-0.0242216889224314
44.7236585919906,0.18030859958346,-0.0292984404485696
44.7895090598448,0.179524488541918,-0.0344961781459879
44.8553744971981,0.178646805877492,-0.0398295632708602
44.9212580965613,0.177675587109664,-0.045314264469388
44.98716302962,0.176611053142146,-0.0509670798663186
45.0530924358818,0.175453665040476,-0.0567861764648015
45.1190494111825,0.174204287374901,-0.0627701955516555
45.1850369956725,0.172864033696038,-0.068938533511219
45.2510581618109,0.171434212651765,-0.0753119883478912
45.3171158026918,0.16991632648319,-0.081912922011207
45.3832127207541,0.168312069809144,-0.0887654370980275
45.4493516169104,0.166623328873878,-0.0958955690333423
45.5155350801332,0.164852181457102,-0.103331494649717
45.5817655775333,0.163000897661324,-0.111103757949458
45.6480454449654,0.161071941823172,-0.119245513410688
45.7143768781788,0.15906821491351,-0.127740421193316
45.7807619241435,0.156993768625723,-0.136568935129687
45.8472024720457,0.154853075520747,-0.145762789761056
45.913700244801,0.152650785882967,-0.155355492788008
45.9802567915504,0.150391727122012,-0.165382394390501
46.0468734811639,0.148080905344153,-0.175880726244823
46.1135514967595,0.145723509300388,-0.186889599025981
46.1802918312391,0.143324916909641,-0.198449944138638
46.247095283843,0.140890704537386,-0.210604381600428
46.3139624577209,0.138426659187819,-0.223396991584574
46.3808937584965,0.135939002667215,-0.236807830248238
46.447889393374,0.133435016086871,-0.25080567207311
46.5149493701416,0.130922390793121,-0.265416274176384
46.5820734969099,0.128409021747727,-0.280661384804183
46.6492613830343,0.125903015056611,-0.296557352189095
46.7165124412042,0.123412695680751,-0.313113456437399
46.7838258906564,0.120946614473117,-0.330329942857392
46.8512007614706,0.11851355347506,-0.348195745934814
46.918635899903,0.116122528167001,-0.366685910853232
46.9861299747105,0.113782785118758,-0.385758745515004
47.0536814844026,0.111503836588898,-0.405317641518064
47.1212887649612,0.109295560448881,-0.425236914137296
47.1889499973369,0.107168015439668,-0.445396683993379
47.2566632153527,0.105131344738548,-0.465648319123722
47.3244263143726,0.103195710161066,-0.48581284925324
47.3922370606921,0.101371209107272,-0.505680530998647
47.4600931015888,0.0996677731155658,-0.525011974911649
47.5279919759699,0.0980950477987218,-0.543541232357339
47.5959311255573,0.0966622551675642,-0.560981166169153
47.6639079065451,0.095378040866781,-0.577031279739787
47.7319196016624,0.0942502325295837,-0.591413186382599
47.7999634324154,0.0932854584213372,-0.603866607540691
47.8680365711676,0.092489257690433,-0.614132621495335
47.9361361532228,0.0918660189960278,-0.62198752664831
48.0042592890085,0.0914188555602896,-0.627255203001312
48.0724030763114,0.0911495074439622,-0.629817477853342
48.1405646125112,0.0910582777929719,-0.629621405714558
48.2087410067588,0.0911440077391176,-0.626682652484521
48.2769293920437,0.0914040919864964,-0.621084594986352
48.3451269370978,0.0918345341929358,-0.612973238371399
48.4133308580706,0.0924299886174907,-0.6025757004293
48.4815384296791,0.093183756167318,-0.590165215139108
48.5497469953729,0.0940881202994217,-0.576017460747177
48.6179539768327,0.0951345606599503,-0.560422316486686
48.6861568829916,0.0963139146327431,-0.543671735284689
48.7543533185415,0.0976165352493831,-0.526049265209318
48.8225409918769,0.0990324395824754,-0.507821676275588
48.8907177224297,0.100551443339365,-0.48923286301301
48.9588814473477,0.102163278970107,-0.470499955523289
49.0270302274714,0.103857696066647,-0.451811401745245
49.0951622525592,0.105624593686316,-0.433404296327691
49.1632758456287,0.107454280186777,-0.415477656868638
49.2313694662419,0.10933744626304,-0.398121781240578
49.2994417128758,0.111265148676608,-0.38140381607167
49.3674913244513,0.113228821345271,-0.365370911336764
49.435517181003,0.115220278484412,-0.350053306276692
49.5035183034709,0.117231711807302,-0.335467224390592
49.5714938525942,0.119255683525803,-0.321617504054687
49.6394431268923,0.121285116618121,-0.308499928806738
49.7073655597152,0.123313283560597,-0.296103248448573
49.775260715373,0.125334075662305,-0.284468817775771
49.8431282848601,0.127342851502472,-0.273619844817012
49.9109680821209,0.129335604328101,-0.263513933386865
49.9787800401988,0.131308661015104,-0.254109558795804
50.0465642068054,0.133258660024642,-0.245366530134197
50.1143207393099,0.135182532060834,-0.237246307935087
50.182049899167,0.13707748327658,-0.229712208822137
50.2497520458059,0.13894098085286,-0.222729523004922
50.3174276299996,0.140770740760571,-0.216265565487512
50.385077186739,0.142564717511535,-0.210289677678057
50.452701327638,0.144321098795526,-0.20477537216532
50.5203007329964,0.146038306796531,-0.199697893457221
50.5878761437104,0.147714981360721,-0.195032086741758
50.6554283528962,0.149349972062119,-0.190754592458732
50.7229581971533,0.150942334730196,-0.186843745004811
50.7904665474894,0.152491328945713,-0.183279468129341
50.8579542999368,0.153996416369555,-0.18004316957522
50.9254223658896,0.155457259780952,-0.177117636783099
50.9928716621908,0.156873722714449,-0.17448693493745
51.0603031010008,0.158245869595121,-0.172136308157714
51.1277175795077,0.159574112735741,-0.170035816764648
51.1951159702702,0.160859631499349,-0.168154673751666
51.2624991135035,0.162103894999139,-0.166478512812074
51.3298678102475,0.16330850700469,-0.164993984007123
51.3972228157186,0.164475202384541,-0.163688643935864
51.4645648328442,0.165605843565395,-0.162550856232862
51.5318945060053,0.166702416972251,-0.161569701379428
51.5992124150136,0.167767029420195,-0.160734894935011
51.666519069347,0.168801904434063,-0.160036713367058
51.7338149026697,0.16980937847645,-0.159465926816105
51.8011002676881,0.170791913375749,-0.158965784913443
51.8683754321709,0.171752106234153,-0.158480984028582
51.9356405774384,0.172692574101551,-0.158005061072014
52.0028957980711,0.173615922620314,-0.157531887034155
52.0701411020406,0.174524739633739,-0.157055648649133
52.1373764112344,0.175421588826082,-0.156570833647605
52.2046015623742,0.176309003406969,-0.156072219123065
52.2718163083277,0.177189479853032,-0.155554862629858
52.3390203198112,0.178065471719007,-0.155014095601459
52.40621318748,0.178939383529792,-0.154445518735965
52.4733944244287,0.179813573914795,-0.153810241592149
52.5405634697375,0.180690348394866,-0.153070314219488
52.6077196940876,0.18157187529487,-0.152223224185506
52.6748624064156,0.182460162793719,-0.151266831629771
52.7419908609497,0.183357052699673,-0.150199372867648
52.8091042645779,0.18426421469711,-0.149019461478829
52.8762017845267,0.185183141076625,-0.14772608667726
52.9432825563247,0.186115141958526,-0.146318608794229
53.0103456920266,0.187061341018873,-0.144796751812585
53.0773902886722,0.188022671724046,-0.14316059290613
53.1444154369453,0.188999747531457,-0.141392211315305
53.2114202298024,0.189992479261722,-0.139475927547098
53.2784037706494,0.191000453893611,-0.137415567368708
53.345365181243,0.192023063209214,-0.135215101629279
53.4123036094534,0.193059506760403,-0.132878610336183
53.4792182368637,0.194108795431402,-0.130410245589521
53.5461082861723,0.195169755586151,-0.127814193871515
53.6129730283625,0.196241033788167,-0.125094638170955
53.6798117896077,0.197321102083453,-0.122255720380964
53.7466239578779,0.198408263836888,-0.119301504374604
53.8134089892254,0.199500666616906,-0.116234643343363
53.8801664140247,0.200596319320075,-0.113057605832519
53.9468958436257,0.201693063696279,-0.109773979916134
54.0135969769064,0.202788573244041,-0.10638716751358
54.0802696063832,0.203880361526742,-0.102900350826434
54.1469136238329,0.204965791099778,-0.0993164605616497
54.213529025391,0.206042083050487,-0.0956381459780213
54.2801159160933,0.207106327150594,-0.0918677467490126
54.3466745138271,0.208155492623299,-0.0880072665778139
54.4132051526621,0.209186439524103,-0.0840583484426233
54.4797082855259,0.210195984311387,-0.0800554478884121
54.5461844861357,0.211181081564064,-0.0760317027757594
54.6126344500905,0.212138689393341,-0.071986287180208
54.6790589952553,0.213065728026892,-0.0679180933169014
54.745459061496,0.213959090122408,-0.063825725263666
54.8118357097511,0.214815651506802,-0.0597074922898198
54.8781901204277,0.215632282322004,-0.0555614016083475
54.9445235911101,0.216405858554995,-0.0513851503234283
55.0108375335686,0.217133273924626,-0.0471761163748971
55.0771334700634,0.21781145209247,-0.0429313482846989
55.1434130289212,0.218437641302592,-0.038717657237259
55.2096779390141,0.219010291032314,-0.0346000782174658
55.2759300227246,0.219528243249082,-0.0305729149450795
55.3421711882804,0.219990455319833,-0.0266306922652679
55.4084034219208,0.220396000016946,-0.0227681430917329
55.4746287799261,0.220744065454811,-0.0189801949599587
55.5408493805267,0.221033954925873,-0.0152619563203777
55.6070673957097,0.221265086605283,-0.0116087026748384
55.6732850429376,0.221436993100361,-0.00801586264442237
55.7395045767949,0.221549320821691,-0.00447900403282735
55.8057282805737,0.221601813071372,-0.00101201949043225
55.871958457626,0.22159426605718,0.00237111080313416
55.9381974221923,0.22152658481366,0.0056744810484408
56.0044474900054,0.221398798341612,0.00890204743128694
56.0707109688649,0.221211057056066,0.0120576399612242
56.1369901492097,0.220963629995072,0.0151449741834674
56.2032872947026,0.220656901793077,0.0181676627126468
56.2696046328449,0.220291369422951,0.0211292265697392
56.3359443456348,0.219867638719074,0.0240331062913335
56.4023085602856,0.219386420692545,0.0268826728132269
56.4686993400193,0.218848771241335,0.029635806275838
56.5351186750232,0.218256810915179,0.0322494169704666
56.6015684738491,0.217612974039689,0.0347250868057023
56.6680505553943,0.216919751264922,0.0370640299965668
56.7345666414598,0.216179677252485,0.0392671128876186
56.8011183498842,0.215395318660448,0.0413348722787736
56.867707188252,0.214569262474518,0.0432675323779511
56.9343345481689,0.213704104727233,0.0450650204739121
57.0010017001001,0.212802439647332,0.0467269814369143
57.0677097887596,0.211866849274025,0.0482527911103103
57.1344598290439,0.21090001007286,0.0496342314979171
57.2012527025688,0.209905029346345,0.0508622781387382
57.2680891549796,0.208885079087821,0.051934678943275
57.3349697940172,0.207843267665907,0.0528488985740382
57.4018950882788,0.206782629530899,0.0536021373601703
57.4688653666458,0.205706115669637,0.054191349860069
57.5358808183564,0.204616584821837,0.0546132630930371
57.602941493695,0.203516795465753,0.0548643944799988
57.6700473052718,0.202409398579132,0.0549410694522751
57.7371980298663,0.20129693117507,0.0548394387108166
57.8043933107941,0.200181871400614,0.05459888846692
57.8716326605106,0.199066828857075,0.05425924705109
57.9389154630464,0.197954379750293,0.053817155031501
58.006240976722,0.19684700397242,0.0532691931217139
58.0736083373962,0.195747080157324,0.0526118952677116
58.1410165622333,0.194656881220181,0.0518417623634935
58.2084645539665,0.193578570366283,0.0509552765250528
58.2759511056329,0.1925141975584,0.0499489158273044
58.3434749057574,0.191465696427765,0.0488191694209057
58.411034543962,0.190434881620417,0.0475625528822479
58.4786285169799,0.18942332997602,0.0462029482764265
58.5462552350998,0.188432030818718,0.0447653085138731
58.6139130290354,0.187461738294673,0.0432478138424565
58.681600157009,0.186513088808078,0.0416486844283215
58.7493148119548,0.185586601692139,0.0399661807835998
58.8170551288238,0.184682680079766,0.0381986033694382
58.8848191919718,0.183801611968531,0.0363442913356945
58.9526050426194,0.182943571475054,0.0344016203146877
59.0204106863649,0.182108620276618,0.0323689992379768
59.0882341007404,0.181296709237547,0.0302448661383483
59.1560732427861,0.180507692752479,0.0280750888564857
59.2239260564447,0.179741376586739,0.0259064703702908
59.2917904794649,0.178997495887858,0.0237388898697917
59.3596644501215,0.178275704914546,0.0215722492108441
59.4275459139335,0.177575577212021,0.0194064682158357
59.4954328303809,0.176896605871972,0.0172414796954766
59.5633231796121,0.176238203883011,0.0150772242110101
59.6312149691341,0.175599704575361,0.0129136446157535
59.6991062404772,0.174980362164781,0.0107506803971581
59.7669950758277,0.174379352402877,0.00858826185220575
59.8348796046102,0.173795718307726,0.0064604917438819
59.9027580097739,0.173228212910195,0.00440213295313647
59.9706285333672,0.172675477281486,0.00241405914303639
60.0384894817251,0.172136097887634,0.000497095971463455
60.1063392304933,0.1716086072507,-0.00134797793044478
60.1741762294924,0.171091484722441,-0.00312042951057012
60.2419990074182,0.170583157378151,-0.00481956931077944
60.3098061763747,0.17008200103794,-0.00644474897243591
60.3775964362336,0.169586341423257,-0.0079953581822321
60.4453685788169,0.169094455455192,-0.00947082106302987
60.5131214918634,0.168604617735283,-0.0108639873983717
60.5808541618828,0.168115259935367,-0.0121675462696869
60.6485656744953,0.167624876050724,-0.0133806878928654
60.7162552137103,0.167131982597395,-0.0145025743722893
60.7839220610454,0.166635118144448,-0.0155323315320764
60.8515655945245,0.166132842936923,-0.016469040644873
60.919185287558,0.165623738610651,-0.0173117299950805
60.9867807077072,0.165106407999096,-0.0180593662234614
61.0543515153357,0.164579475031672,-0.0187108454108091
61.1218974621513,0.164041584723147,-0.0192649838117738
61.1894183896521,0.16349133243756,-0.0197316439085877
61.2569142277804,0.162927044846413,-0.0201210024061544
61.3243849942373,0.162346981526192,-0.0204322322655513
61.3918307939203,0.161749405950509,-0.0206644314829595
61.4592518181724,0.161132587491233,-0.0208166104092989
61.5266483438301,0.16049480346902,-0.0208876781692689
61.5940207320753,0.15983434124782,-0.0208764280873164
61.6613694270922,0.159149500369012,-0.0207815219874132
61.7286949545334,0.158438594718668,-0.0206014732028658
61.7959979197991,0.15769995472352,-0.0203346281540467
61.8632790061093,0.156932048110775,-0.0199917146454337
61.9305389717699,0.156133851123414,-0.0195834276965263
61.9977786457216,0.155304517175905,-0.0191077991836958
62.0649989224374,0.154443261075812,-0.0185626796240779
62.1322007568023,0.153549358268862,-0.0179457242788547
62.1993851590112,0.152622144045552,-0.017254377878782
62.2665531894916,0.151661012709343,-0.0164858578012405
62.3337059538608,0.150665416703785,-0.0156371355014651
62.4008445979264,0.149634865702048,-0.0147049160029716
62.4679703027382,0.148568925657866,-0.0136856152036661
62.535084279693,0.147467299771488,-0.0126007314562486
62.6021877655408,0.14633007692189,-0.0114724473483391
62.6692820170747,0.145157490316944,-0.0102978418323229
62.7363683058302,0.143949833768344,-0.00907380696405963
62.8034479129788,0.14270745891796,-0.0077970325938035
62.8705221244278,0.141430772463003,-0.0064639896020907
62.9375922261349,0.140120233391337,-0.0050709115649007
63.0046594996404,0.138776350237485,-0.00361377467512117
63.0717252178242,0.137399678372194,-0.00208827577022991
63.1387906408908,0.135990817338905,-0.000489808249312778
63.2058570125691,0.134550498639524,0.00115516850591129
63.2729255560693,0.133079861635627,0.00281867426144039
63.3399974690992,0.13158019151664,0.00450331583253238
63.4070739187366,0.130052826004122,0.00621175444566451
63.4741560366354,0.128499150641753,0.00794670966090182
63.5412449145849,0.126920594236693,0.00971096298943616
63.6083416004198,0.125318624466779,0.0115073611379791
63.67544709428,0.123694743664595,0.01333881875532
63.7425623452175,0.122050484790695,0.0152083206219436
63.8096882481462,0.120387407604605,0.0171189231037928
63.8768256411432,0.118707060042115,0.019068695766329
63.943975303414,0.117010865194505,0.0210555031521437
64.0111379544089,0.11530021537225,0.0230822011923673
64.078314253558,0.113576503650913,0.0251517175035801
64.1455048002947,0.111841121794562,0.0272670521983641
64.2127101343475,0.110095458367496,0.029431277877132
64.2799307362941,0.108340897031432,0.0316475386681362
64.3471670283679,0.106578815025269,0.0339190481473269
64.4144193755103,0.104810581824075,0.0362490859102956
64.4816880866594,0.103037557971867,0.0386409925998753
64.5489734162522,0.101261148593622,0.0410755860148863
64.6162755655462,0.0994829697079645,0.0435312648240956
64.6835946831571,0.0977046896676134,0.04600748477756
64.7509308654405,0.095927973611758,0.0485032615187823
64.8182841571008,0.0941544816060449,0.0510171121108628
64.8856545520294,0.0923858669259946,0.0535469899406536
64.9530419943612,0.0906237744691377,0.0560902125534881
65.0204463797373,0.0888698392818511,0.058643381987355
65.0878675567612,0.0871256851839856,0.0612022972544027
65.155305328639,0.085392923476484,0.0637618586490207
65.2227594549854,0.0836731423975481,0.066323777784257
65.2902296537185,0.0819678793294209,0.0688896145117747
65.3577156029221,0.0802786499873788,0.071452460589185
65.425216942766,0.0786069570392416,0.0740041807989106
65.4927332775415,0.0769542890828175,0.0765352812489306
65.5602641778017,0.0753221196106573,0.0790347701527224
65.6278091825978,0.0737119059496978,0.0814900123290655
65.6953678017987,0.0721250881619141,0.0838865789995313
65.7629395184858,0.0705630878974288,0.0862080951948982
65.8305237914107,0.0690273071918513,0.088436087698716
65.8981200575009,0.0675190216043612,0.0905909953046532
65.965727734205,0.0660390674526251,0.0926980586400001
66.0333462213376,0.0645881669690744,0.0947431836597478
66.1009749026954,0.0631670345505254,0.0967106452212909
66.1686131476272,0.0617763760382029,0.0985829869583322
66.2362603125627,0.0604168879326491,0.100340929486101
66.3039157424971,0.0590892565518502,0.101963290916847
66.3715787724285,0.0577941571440752,0.103426924274033
66.4392487287459,0.0565322529698276,0.104706677048209
66.5069249305657,0.055304194374844,0.105775378821778
66.5746066910216,0.0541106452881829,0.106595615334795
66.6422933187034,0.0529523618581765,0.107126209191094
66.7099841195606,0.0518301046273709,0.107331375479378
66.7776783989623,0.0507446097126268,0.107173547613918
66.845375463717,0.0496965882731769,0.106613657103208
66.9130746240425,0.0486867262472789,0.105611496925843
66.9807751954858,0.0477156844348153,0.104126175653425
67.0484765007903,0.0467840990079567,0.10211666757737
67.1161778717114,0.0458925825366361,0.0995424620805355
67.1838786507797,0.045041725617369,0.0963643125939872
67.251578193006,0.044231957757356,0.0926120760560852
67.3192758673752,0.0434631310879508,0.0883295687047329
67.3869710578628,0.0427349568345293,0.083502411414604
67.4546631641967,0.0420471517273753,0.0781199356866649
67.5223516025142,0.0413994421358096,0.0721756755827797
67.5900358059273,0.0407915685957214,0.0656678395537926
67.6577152250016,0.0402232906917018,0.058599751063143
67.7253893281552,0.0396943922402228,0.0509802465444724
67.7930576019821,0.0392046867042521,0.0428240191430481
67.8607195515085,0.0387540227555109,0.0341518969473265
67.9283747003895,0.0383421486759781,0.0250257554119365
67.9960225911492,0.0379682937237189,0.0155167246098621
68.0636627856058,0.0376315957555556,0.00566703431511725
68.1312948653108,0.0373312464325497,-0.00447772084207485
68.1989184319063,0.0370664947624264,-0.0148690577099623
68.2665331074063,0.0368366500172863,-0.0254561136112428
68.3341385344067,0.0366410839672491,-0.0361861794495153
68.4017343762319,0.0364792323852391,-0.0470052488811108
68.4693203170248,0.036350595792923,-0.0578585763054928
68.5368960617865,0.0362547394330122,-0.0686912371116132
68.6044613363731,0.0361911494908839,-0.0793432190780519
68.6720158875052,0.0361587982406108,-0.0896605015924953
68.7395594828584,0.0361565616421241,-0.0996017402437399
68.8070919111357,0.0361833554770318,-0.109131626492991
68.8746129820714,0.0362381292629217,-0.118221017872224
68.9421225263683,0.0363198601451759,-0.126846961018842
69.0096203955718,0.0364275468958666,-0.134992615241747
69.0771064618826,0.0365602041374443,-0.142647085881561
69.1445806179118,0.0367168568928585,-0.149805177610366
69.2120427763795,0.0368965355478782,-0.15646707880741
69.2794928697634,0.0370982800260951,-0.162668446534562
69.3469308500298,0.0373211636044378,-0.168447915088648
69.4143566886559,0.0375642664298789,-0.173816704259511
69.48177037674,0.0378266648702783,-0.178789365666531
69.5491719250653,0.0381074296824666,-0.183383362526766
69.616561364116,0.0384056246400138,-0.187618648706907
69.6839387440433,0.0387203056124678,-0.191517255321022
69.7513041345797,0.0390505200807151,-0.195102892094447
69.818657624904,0.0393953070684722,-0.198400569588013
69.8859993234531,0.0397536974653909,-0.201436247086458
69.9533293576824,0.0401246784860131,-0.204155639006392
70.0206478738147,0.0405070776710118,-0.206511660886047
70.0879550366404,0.0408996582119883,-0.208541871027294
70.1552510292901,0.0413011545839202,-0.210283910611685
70.222536052935,0.0417102744409276,-0.211775179428934
70.2898103264093,0.0421257008812635,-0.213052563603383
70.357074085751,0.0425460950288593,-0.214152214317298
70.4243275836584,0.0429700988825643,-0.21510937589765
70.4915710888585,0.0433963383920839,-0.215958260436103
70.5588048853836,0.0438234267245784,-0.216731965784315
70.6260292717595,0.0442500620633748,-0.217423956655828
70.6932445602278,0.0446753094827736,-0.218021031732262
70.7604510762187,0.0450983124484708,-0.218544892754525
70.827649157886,0.0455181996139708,-0.219016534042446
70.89483915558,0.0459340871962279,-0.219456254549931
70.9620214312497,0.0463450814250048,-0.219883680168376
71.0291963577732,0.0467502810572314,-0.220317795449278
71.0963643182143,0.0471487799515895,-0.220776983732336
71.1635257050014,0.0475396697005771,-0.22127907489705
71.2306809190299,0.0479220423192517,-0.221841399781808
71.2978303686887,0.0482951514517025,-0.222434028302286
71.3649744689379,0.0486588840801186,-0.223016869740741
71.4321136406627,0.0490132755142737,-0.22359177108302
71.4992483101349,0.0493583497627724,-0.224160706025143
71.5663789084664,0.0496941198822671,-0.224725774050533
71.6335058710474,0.0500205883569936,-0.225289199552631
71.7006296369703,0.0503377475083942,-0.225853331097353
71.7677506484383,0.0506455799341785,-0.226420640822137
71.8348693501569,0.0509440589779825,-0.226993723940913
71.9019861887108,0.0512331492291031,-0.22757529847594
71.9691016119229,0.051512824198557,-0.228176448984565
72.0362160682213,0.0517831193726494,-0.228806939157301
72.1033300060525,0.0520440830914225,-0.229467713679186
72.1704438733086,0.0522957600329162,-0.230159867876026
72.2375581167433,0.0525381915906121,-0.230884643195058
72.3046731813791,0.0527714162746966,-0.231643423163861
72.3717895099029,0.0529954701383064,-0.232437729729151
72.4389075420516,0.0532103872283324,-0.233269219965509
72.5060277139862,0.053416200062257,-0.23413968309296
72.5731504576552,0.0536129401308657,-0.235051037755146
72.640276200151,0.0538007441579751,-0.235961339343937
72.7074053631611,0.0539801644635915,-0.236822221712268
72.7745383626918,0.0541518385224712,-0.237626287568627
72.84167560893,0.0543163800755923,-0.238366439613306
72.9088175061475,0.0544743777483909,-0.239035889664639
72.9759644526438,0.0546263937069709,-0.23962816989487
73.0431168407249,0.0547729623589371,-0.240137145658583
73.1102750567177,0.0549145891056366,-0.240557029404093
73.177439481018,0.055051749153047,-0.240882395153911
73.2446104881708,0.0551848863877479,-0.241108193081654
73.3117884469812,0.0553144445313927,-0.241248809492078
73.3789737206504,0.0554409658135242,-0.24131650404011
73.4461666669369,0.0555649985045054,-0.241303612731532
73.5133676383532,0.0556870641021995,-0.241202864549743
73.5805769824032,0.0558076560045229,-0.241007398117571
73.647795041857,0.0559272382528186,-0.240710778636518
73.7150221550637,0.0560462443536592,-0.240307014555755
73.7822586562979,0.0561650761857426,-0.239790573450187
73.8495048761415,0.0562841029988344,-0.239156396597071
73.9167611418946,0.0564036605105447,-0.238399911792634
73.9840277780174,0.0565240872094872,-0.237562079275511
74.0513051065762,0.0566458423262399,-0.236681186409189
74.1185934476686,0.0567694064222394,-0.235749283247334
74.1858931198671,0.0568952447885048,-0.234758779460362
74.2532044407053,0.0570238061252313,-0.233702460925964
74.3205277272061,0.0571555212853765,-0.232573506603209
74.3878632964503,0.0572908020866102,-0.231365505273253
74.4552114661875,0.0574300401960557,-0.230072471769816
74.5225725554841,0.0575736060935435,-0.22868886230492
74.5899468854117,0.0577218481159089,-0.227209588517064
74.6573347797693,0.057875071171621,-0.225665597967679
74.7247365657783,0.0580334808016608,-0.224088874542598
74.7921525746471,0.0581972543933506,-0.222476378063723
74.8595831420973,0.0583665624784421,-0.220825266618578
74.9270286089112,0.0585415681260498,-0.219132902953463
74.9944893215038,0.0587224263720325,-0.217396860050401
75.0619656325176,0.0589092836847787,-0.215614925835397
75.1294579014416,0.0591022774686009,-0.213785106953378
75.1969664952526,0.0593015356045929,-0.211905631596417
75.2644917890797,0.05950717603141,-0.209974951321098
75.3320341668909,0.0597193169019035,-0.208013452851548
75.3995940221793,0.0599381112489438,-0.206040618280405
75.4671717586192,0.0601637208251245,-0.204053814538283
75.5347677907261,0.0603963057575815,-0.202050553436611
75.6023825445453,0.0606360238988434,-0.200028498488813
75.6700164583685,0.0608830302046757,-0.197985470996991
75.7376699834806,0.0611374761388596,-0.195919455397945
75.8053435849338,0.0613995091051972,-0.193828603833676
75.8730377423533,0.0616692719076914,-0.19171123994965
75.9407529507718,0.0619469022383679,-0.189565861884432
76.008489721492,0.0622324928784113,-0.187399133966395
76.0762485829226,0.0625259749646625,-0.185219495388783
76.1440300812926,0.0628272385799702,-0.183028219452494
76.2118347813188,0.0631361724068231,-0.180826552793476
76.2796632668817,0.0634526636662612,-0.178615714486097
76.3475161417078,0.0637765980551413,-0.176396895269218
76.4153940300622,0.0641078596821529,-0.174171256878815
76.4832975774491,0.064446331001439,-0.171939931491442
76.5512274513222,0.0647918927447003,-0.169704021278731
76.619184341803,0.065144423852344,-0.167464598058694
76.6871689624085,0.0655037812032362,-0.165221419880101
76.7551820507657,0.0658697390152997,-0.162975057544049
76.8232243692764,0.0662420495960462,-0.16072769766484
76.8912967057587,0.0666204636955117,-0.158481418106071
76.9593998740851,0.0670047306442425,-0.156238188156495
77.0275347148157,0.0673945984806081,-0.153999869233139
77.0957020958301,0.0677898140691111,-0.151768216020267
77.1639029129536,0.0681901232084927,-0.149544878028085
77.23213809058,0.0685952707325978,-0.147331401524155
77.3004085822908,0.0690050006020057,-0.145129231764518
