s,curvature,torsion
0,0.0381538748614812,0.766659631840743
0.0662423318563292,0.0212821332870798,2.53154459960441
0.132483632456282,0.00579957050416415,34.0919669112269
0.198720905495426,0.0142248946421523,5.60585075526279
0.264951112365465,0.0305294594019516,1.20980325365682
0.331171471168442,0.0465319329353399,0.5286039733198
0.397379733456808,0.0617724166277882,0.315347912851528
0.463574422467721,0.0759758760973846,0.229045079071872
0.529755017977759,0.0888922687298205,0.192267245099982
0.595922074826253,0.100277371618145,0.18030227871143
0.662077264678537,0.109889267943889,0.183980335825086
0.728223331961669,0.117573624580234,0.197253687130762
0.794363920111561,0.123520048269548,0.215512553415885
0.860503232843092,0.128007336960994,0.23738362718613
0.926645653635165,0.131318671290255,0.261730350489043
0.992795390749367,0.133741565982725,0.287309541808223
1.05895616090605,0.135567472679514,0.312571411210736
1.12513091944171,0.137091040893647,0.335554879273596
1.19132164212692,0.13860901575033,0.353889853712392
1.25752916193752,0.14041874814511,0.364940513635994
1.32375306297542,0.142816344546378,0.366114536423728
1.38999163653489,0.146021658625153,0.348425736965645
1.45624197411897,0.149951301956259,0.30751981064547
1.52250028680931,0.154427633676121,0.248142920214326
1.58876228366221,0.159255761427377,0.17451891621322
1.65502351883526,0.164231335893957,0.0898133633973982
1.72127969918324,0.169149189881334,-0.00409917336807232
1.78752694776471,0.173812355058299,-0.106654684776763
1.85376201985176,0.178041651172488,-0.218506566612582
1.91998246989596,0.181686548223419,-0.341388248101081
1.98618677050192,0.184638376004735,-0.477949051356173
2.05237438605189,0.18688148685188,-0.601484968149892
2.11854576821429,0.188574305953678,-0.68478586731627
2.18470223480929,0.189868565905067,-0.729221222722082
2.25084582913177,0.190839688831476,-0.735651915547732
2.31697919793929,0.191471964683785,-0.705098658050442
2.38310547300481,0.191656873872617,-0.638770473240628
2.44922813711803,0.191203941169629,-0.537492196826169
2.51535085621786,0.189862814940812,-0.400645861172192
2.5814772630937,0.187355521278694,-0.224723675674977
2.64761068479747,0.183419799620743,-0.0014809181922314
2.71375381677507,0.177949161013892,0.243144945946962
2.77990839538184,0.17128699840562,0.479593493937217
2.84607499263117,0.163966410406698,0.710970090308523
2.9122529608243,0.156589392323539,0.932732151767755
2.97844051093616,0.149781951910269,1.1308610876964
3.04463491356925,0.144134016900043,1.28192875324857
3.11083280270483,0.140121779599214,1.35778929474234
3.17703055609834,0.1380266769865,1.33550986307344
3.24322472292287,0.137882829446509,1.20771748075887
3.30941246908643,0.139485034204827,0.985498366547316
3.3755920091518,0.14244240871495,0.721980274288502
3.44176289401409,0.146262200415262,0.467515906248705
3.50792595944481,0.150540119925964,0.231895045155075
3.57408310108842,0.154990892032368,0.0178373427353777
3.6402369935705,0.159433664396173,-0.17574240464562
3.7063907696802,0.163775617647103,-0.351453149103576
3.77254767059451,0.167997954172774,-0.512086811348288
3.83871067758743,0.172145371152781,-0.659902216378348
3.90488213530172,0.176318637308787,-0.796263431998709
3.97106337644126,0.180669288261946,-0.921474963666345
4.03725436383382,0.185410725751165,-1.01306036646969
4.10345351517823,0.190804344111465,-1.05010483528188
4.16965797335291,0.196998423511509,-1.03661557444278
4.23586407739954,0.203981897282566,-0.97965885230217
4.3020678571475,0.211589889841402,-0.88826710568226
4.36826551391617,0.219528169293099,-0.771582678861943
4.4344538535685,0.227408027683673,-0.637152102545612
4.5006306387294,0.234783936771297,-0.489867922243217
4.56679483038341,0.241189635663113,-0.331552542082024
4.63294669541531,0.246172063355162,-0.160900597157153
4.69908776507486,0.249388120759164,0.00172410266374362
4.76522062536459,0.250824908943184,0.138829825462822
4.83134856696992,0.250607736626144,0.256414063628091
4.89747522055404,0.248907851136436,0.358358344424975
4.96360423662414,0.245918319867887,0.446930609617751
5.02973902479456,0.241835103945372,0.523162393701289
5.09588255811388,0.236841309812729,0.587137854009606
5.16203724149873,0.231093649600937,0.638229645099395
5.22820483806844,0.224710834029475,0.675300810990332
5.29438644333009,0.217764084344791,0.696869739177321
5.3605824933024,0.210310949414198,0.712567550783712
5.42679276128505,0.202533998027969,0.731735257394604
5.49301630302325,0.194650808108206,0.751867889082699
5.55925143221347,0.186872979909462,0.769793602892916
5.62549576080251,0.179400146740932,0.781568398295015
5.69174629669237,0.172413632488568,0.782499731469593
5.75799958937145,0.166070232309937,0.767362453170657
5.82425191403047,0.160497115354035,0.73084236945257
5.89049948532739,0.155789367918305,0.66817823188432
5.95673869312078,0.152011982014495,0.575893835883053
6.0229663537828,0.149137936059379,0.467897291074563
6.08917995858938,0.146864163496831,0.364221656252741
6.15537786736025,0.144850503539562,0.270316856786225
6.22155942793331,0.142790064611432,0.189619296793568
6.28772503178543,0.140403138306768,0.124034837188049
6.35387611335415,0.137430341071829,0.0745481732393808
6.42001509912804,0.133626393443335,0.0418583796854713
6.4861453121779,0.128755307752597,0.0270667925144292
6.55227083824761,0.122587349230334,0.0325802174331514
6.61839636079775,0.11489804297509,0.0636327611108654
6.68452697140185,0.105600182945664,0.0991019372022545
6.75066789702033,0.0951341838640794,0.105846078371187
6.81682407939001,0.0840677591360347,0.0667802599391086
6.88299977966903,0.0729611635537017,-0.0507698828943587
6.9491982752205,0.0623738958355922,-0.302673013035201
7.01542162599707,0.0528972806729465,-0.768647465481507
7.08167048560389,0.0452400203779679,-1.50650379492013
7.14794393703201,0.0403706934447967,-2.36915694265986
7.21423934194555,0.039547202989615,-2.78984655646232
7.28055220523553,0.0438820597856747,-2.31619750684445
7.34687607938866,0.0535748922117097,-1.42168850011909
7.41320269391336,0.0674815026007859,-0.73491027766913
7.47952256178601,0.0843722045857215,-0.337351624166473
7.54582579582788,0.103238633462043,-0.129076511300459
7.61210295860908,0.123186418330139,-0.0255749736639254
7.67834589906251,0.143360711323376,0.0220377103092173
7.74454851780416,0.162911476960908,0.0395025054600435
7.81070739269717,0.18097947985092,0.039957789818449
7.87682219288682,0.196692508048745,0.0298386821302636
7.94289581373653,0.209167587063389,0.0118158064106105
8.00893417654188,0.21770790869291,-0.00777010059800089
8.07494565833067,0.222384099377423,-0.024706692413992
8.1409402595055,0.223469593488193,-0.0407763670219323
8.20692873586551,0.221251207670758,-0.0572852031270366
8.27292179084114,0.216028152043952,-0.0753966405185872
8.33892936559575,0.208109810191227,-0.0963574222440294
8.40496005348949,0.197812810634494,-0.12171153194433
8.47102065607196,0.185457951691049,-0.153574070996071
8.53711588918105,0.171367537616606,-0.195055946196766
8.60324824006753,0.155863683783919,-0.250998901912161
8.66941796944223,0.139291091241321,-0.322647652916728
8.73562323778203,0.122084191559658,-0.410457016533467
8.8018603324584,0.104693864144529,-0.5217612185532
8.86812400031098,0.0875634089566114,-0.666984735336823
8.93440786702466,0.071127758427649,-0.860835152623809
9.00070491039168,0.0558105141479319,-1.12255036503769
9.06700795541518,0.0420145291877894,-1.47019579147563
9.13331016249788,0.0300959849024446,-1.88923040806773
9.19960548512816,0.0203006088671718,-2.20385198553493
9.26588908053809,0.0126433578846363,-1.59051459242536
9.33215766131408,0.00693301850230265,2.5025258081469
9.39840967865687,0.00461926051483359,9.55830985762248
9.46464517168127,0.00806872576717118,1.29233572748154
9.53086548279702,0.0134991465491784,-0.977961785444904
9.59707296473051,0.0193520252316766,-1.46505438842415
9.66327068622815,0.025128138747248,-1.61454114277144
9.72946213159751,0.0304350570875319,-1.73770772762301
9.79565088552931,0.0349241615603331,-1.93904843094407
9.86184029460949,0.0383457222547394,-2.28406467118031
9.92803310057983,0.0406635794183981,-2.83605326146793
9.99423105246871,0.042376112187327,-3.46033462771921
10.0604346318309,0.0448383131574757,-3.80398923596727
10.126643120275,0.0492816830889829,-3.66923499691812
10.192854851614,0.0561924883299602,-3.14694859530319
10.2590675271185,0.0652640078969319,-2.50454615495702
10.3252785689766,0.0757437886988933,-1.92774949191039
10.3914854827942,0.086762668102913,-1.47171063223319
10.4576861946798,0.0974800973434933,-1.12624068159661
10.5238793268117,0.10711447091427,-0.864433391207581
10.5900643773797,0.114935257215976,-0.660655487865516
10.6562417760614,0.120342352026522,-0.511552517086723
10.7224127899482,0.123145271250025,-0.411066536968291
10.7885792956396,0.123289221450516,-0.342274459141438
10.8547434934625,0.120747106084945,-0.29590830442
10.920907606387,0.115509152075991,-0.267357137845959
10.987073587207,0.107577032847547,-0.255692205771342
11.0532428564368,0.0969602729897956,-0.264546120115772
11.1194160927995,0.0836742587995133,-0.306723713811537
11.1855930975789,0.0677407054589245,-0.421885820531156
11.25177275351,0.0491964554792242,-0.763325695881837
11.3179530983094,0.0283179832822846,-2.28642214173536
11.3841315338002,0.00739129266447941,-33.8088733355125
11.4503051924868,0.0191125812023147,-5.18005311221985
11.516471437097,0.0417349849038366,-1.13851758474935
11.5826284094202,0.0633224874372935,-0.534532348840672
11.648775529761,0.0826328999902024,-0.35244150409785
11.7149138515562,0.0986204379133781,-0.289532943760115
11.7810461891773,0.110267217021671,-0.281653588991938
11.8471769607566,0.11656929454228,-0.31604370608349
11.9133117222538,0.116543193090293,-0.404722868585186
11.9794564135715,0.109655769248512,-0.584652013067683
12.0456164037684,0.0970936453320315,-0.925540222493595
12.1117955964776,0.0806128354108423,-1.59787008507747
12.1779958815415,0.0623853115405469,-3.02435679166186
12.2442169831852,0.0458233234556102,-6.00804299706113
12.3104566420684,0.0372842944786323,-9.07221990957619
12.376711024059,0.0422930784580306,-6.38048979655127
12.4429752274794,0.0557019349209139,-2.78258182820296
12.5092437613632,0.070610426396276,-0.771142978556085
12.5755108895938,0.0839337253126699,0.486478990869147
12.6417707830721,0.0948967240495722,1.32006442032493
12.7080175760067,0.104299329201949,1.80567649696766
12.7742455724855,0.113270051044606,2.05591983382418
12.840449581892,0.122626833707147,2.11983236182107
12.9066253307316,0.132635844237645,2.04763361599382
12.9727699195402,0.142974382673365,1.89796937137284
13.0388822574389,0.152840503550096,1.72458981862175
13.1049633849123,0.161117870430403,1.56712727110163
13.1710165910891,0.166524891732517,1.45263365242245
13.2370472455309,0.167725727470839,1.40435435244333
13.303062293755,0.163770324955966,1.46687679354079
13.369069372858,0.155280060664282,1.6664128766716
13.4350756903817,0.143511397451664,2.02225389284946
13.5010870939067,0.130084544866729,2.56505581558238
13.5671074969689,0.117114697760458,3.29067259012741
13.6331386659911,0.107272698627716,4.04504177928532
13.6991803307823,0.103356141445552,4.43596253579966
13.7652305512833,0.107000775888204,4.14153524821452
13.8312862518897,0.117562114824488,3.35916602869677
13.8973438215785,0.132717799391283,2.51081040148947
13.9633996775563,0.149903892300902,1.83027675306427
14.0294508071646,0.167176617257132,1.34357580696148
14.0954954042388,0.183190383941705,0.997439654598609
14.1615333826745,0.196963448697356,0.744625982480181
14.2275666324643,0.207726841636076,0.551497063973078
14.2935990056931,0.214839646423471,0.394714864635073
14.3596360386234,0.21774523285573,0.256903742312004
14.4256844322629,0.215950951597951,0.12278963521814
14.4917513321903,0.209022240046919,-0.0249609337953636
14.5578434686444,0.196589154503029,-0.212375542879803
14.623966237787,0.178621371904622,-0.457927603692271
14.6901228040774,0.156209635308733,-0.795550523499545
14.7563134114471,0.130855788518734,-1.32820617831536
14.8225351883612,0.104380491921812,-2.26983030052061
14.8887824702535,0.079387173552143,-4.045659782724
14.9550475309743,0.0603865417565198,-6.89879008540303
15.0213215810217,0.0541640816221499,-8.11671247628379
15.0875958743952,0.0623389812577173,-5.54716461536059
15.1538627645202,0.0773364808559163,-3.08910676748414
15.2201165624296,0.0922835901418921,-1.72004533090355
15.2863540739334,0.103762552672089,-0.993807407769358
15.3525746652505,0.111030918714082,-0.579602916399007
15.4187798076856,0.114268380202228,-0.299840466628892
15.4849724239515,0.113909106623939,-0.0742459957026214
15.5511562355618,0.110511022016788,0.141992968913108
15.617335182046,0.104713742165068,0.381242573342433
15.6835129539162,0.0972329240835942,0.672445095966519
15.749692660141,0.0888764327899223,1.04155747315141
15.8158766336871,0.080574866415327,1.49885981856378
15.8820663656044,0.0734041876019059,2.00243569613218
15.9482625490756,0.0684574078882977,2.40394655173805
16.0144652036626,0.0663838396188533,2.52028561099201
16.080673831852,0.0672938129843031,2.28081801358196
16.1468875748183,0.0707348241895092,1.78561493457676
16.2131053513014,0.0759106276781694,1.19901469808116
16.2793259657355,0.0820004281194556,0.628197247219514
16.3455481754345,0.0883601504873346,0.106712929634667
16.4117707122078,0.0945979681378056,-0.371514800330127
16.4779922611534,0.100601166589107,-0.822709946421522
16.5442114085668,0.106564314005335,-1.25618210510226
16.6104265841437,0.113010027850109,-1.56552542492201
16.6766360880553,0.120531030616421,-1.66516711963232
16.7428383245458,0.129351696603956,-1.59680898427299
16.8090321463375,0.139210176860386,-1.41664624133773
16.8752172066363,0.14942893372685,-1.17790383410778
16.9413942481033,0.159059040556048,-0.916387249522573
17.0075652532958,0.1670199858791,-0.647128529431222
17.0737333867015,0.172205637922075,-0.36694555136641
17.1399026769465,0.173565524662787,-0.0557643964349854
17.2060774191361,0.170190684269079,0.328595446190607
17.2722613233567,0.161708253349618,0.792643030741701
17.3384565546868,0.149191329127599,1.34919171274043
17.404663007055,0.134445162232649,2.07346793954605
17.4708779986933,0.119916377883522,2.99954075364107
17.5370963971662,0.108839440069656,3.97229527627462
17.6033111354933,0.104755137940257,4.49319912849983
17.669514039238,0.1097231177526,4.14794724532056
17.7356968533576,0.122748385676535,3.25153579673424
17.8018523376438,0.140787733762875,2.34601819871802
17.8679752902237,0.160667083940033,1.64615765132872
17.9340633577869,0.179984651509927,1.16381319901376
18.0001174703336,0.197561240238881,0.840297986439144
18.0661418263575,0.212802097070845,0.612423291749228
18.1321435930543,0.225349064795557,0.442568372325921
18.1981324156228,0.23497813923858,0.307871550255461
18.2641197696434,0.241550698590075,0.193636494105996
18.330118189906,0.244990300989255,0.0895471377869626
18.3961404106235,0.245272223663017,-0.0126075248722552
18.4621984532443,0.242420083781168,-0.12049605497394
18.5283026988774,0.23650765722706,-0.242591637423312
18.5944609842189,0.227761329515416,-0.384835904776392
18.6606778084944,0.216853008995388,-0.55233605010545
18.7269538226689,0.204622288061012,-0.752779533622718
18.7932856341101,0.191999493590814,-0.990161689965083
18.8596658940704,0.180025394231556,-1.25896120240728
18.9260836447946,0.169852735874136,-1.53482924812346
18.9925248970691,0.16269309407552,-1.7667669806781
19.058973405925,0.159669742186075,-1.88479077933682
19.1254116129209,0.161590623838334,-1.83424904445006
19.1918217276011,0.16876261841924,-1.61519624277077
19.2581869274552,0.180785132828908,-1.30716154253622
19.3244926348941,0.196177126123066,-1.01167371160298
19.3907277126398,0.213339786169426,-0.770782216361565
19.456885425716,0.230853110997919,-0.592571869533161
19.5229641086901,0.247448901406607,-0.470813860123888
19.5889674813749,0.261964273772544,-0.396378564080131
19.6549045548811,0.273308220587602,-0.362086337772234
19.7207890799905,0.280448210304995,-0.364579835975281
19.7866385117686,0.282415116171488,-0.405579871813401
19.8524724981434,0.278324454964624,-0.494125143427603
19.9183109493943,0.267729716678909,-0.618105875724952
19.9841719413469,0.251557526278468,-0.760454391070091
20.0500700527256,0.231080197084703,-0.931710629315587
20.1160153798451,0.20756782537809,-1.14485263057028
20.1820131777616,0.182267800810833,-1.41692347448497
20.2480640546651,0.156385555505336,-1.77066821702246
20.314164610669,0.131061025185422,-2.23585955149145
20.3803083904293,0.107329751384812,-2.84981227975959
20.4464870132786,0.0860541317918509,-3.65922563285713
20.5126913536444,0.0678281135689193,-4.74037566154786
20.5789126603238,0.0532202487028699,-6.38647026757498
20.6451433727362,0.0443421126849557,-8.25528066104288
20.7113773714132,0.0440535166973996,-8.1071872148862
20.7776100158072,0.051892155657282,-6.01892475074068
20.8438381620059,0.0641941641995648,-4.21736989148646
20.910060148095,0.0778777224968631,-3.14679423231795
20.9762757134811,0.0911234866410101,-2.561838727515
21.042485813042,0.102801039127453,-2.27081091020313
21.1086922901831,0.112137966914151,-2.18139098897949
21.1748973847668,0.118635436783501,-2.26296734610886
21.2411030765216,0.122406999896609,-2.47478775406935
21.3073104065853,0.125005124935911,-2.71117572391435
21.373519109182,0.128298954825145,-2.86886905638118
21.4397275700241,0.133841120690012,-2.85909564535
21.5059330371136,0.142496726009254,-2.65673822373607
21.5721320368877,0.154263909416315,-2.31329094911744
21.6383209196778,0.16840403288096,-1.91116171220224
21.7044964372047,0.183746291179164,-1.51350573917522
21.7706562447234,0.198963554770207,-1.14903311361414
21.8367992213995,0.212738433805281,-0.820470738377918
21.9029255183525,0.223977641166734,-0.55269152696933
21.9690363689825,0.232294066456941,-0.35394611728458
22.0351338816178,0.237636964523668,-0.199558505882845
22.1012208181451,0.240084617872319,-0.0737516163485194
22.1673003475266,0.23979279405123,0.0338649328437997
22.2333758197409,0.236965076156146,0.130437510011474
22.2994505978014,0.231834714290118,0.221162263547581
22.365527975372,0.224652887603133,0.310083807895447
22.4316111984346,0.215680860185776,0.400610307059721
22.4977036014921,0.205184846132834,0.495867627081406
22.5638088518975,0.193485609981235,0.603226155580048
22.6299310538867,0.181124912949627,0.728459843309187
22.6960743377837,0.168722453097699,0.869641589406544
22.7622423590182,0.1569160943211,1.01897147386454
22.8284379396988,0.146341535857643,1.15934337533485
22.8946628324696,0.137595175231326,1.26233652856888
22.9609175754152,0.131178611804328,1.29162030615886
23.0272014088833,0.127438324131514,1.214776593305
23.0935122300352,0.126533916784095,1.0194003136293
23.1598465686988,0.128471192091039,0.72175953350598
23.2261995817149,0.133108814155664,0.397461973812655
23.2925651443402,0.140013203977558,0.120314652715466
23.3589361392515,0.148816884658208,-0.0938129893987867
23.4253047959852,0.159269406375376,-0.244780432382382
23.4916630147695,0.171178994169668,-0.340632473909071
23.558002683033,0.184368146164317,-0.392438848238419
23.6243159871909,0.198646609340132,-0.411305113842918
23.6905957146605,0.213798565078576,-0.406884896407166
23.7568355346667,0.229579213622135,-0.386837525706483
23.8230302412733,0.245716640642229,-0.356828624797957
23.8891759459956,0.261868216298259,-0.325935541239848
23.9552703863622,0.277479634921945,-0.301194217005664
24.0213135944552,0.291929672951196,-0.283358715476779
24.0873085305699,0.304582303072003,-0.272887051592657
24.153261438995,0.314793062064549,-0.270305565844911
24.219181885736,0.321917602347437,-0.276518279879036
24.2850824575617,0.325322426205437,-0.293151230677178
24.3509781180525,0.324397476474799,-0.323056694158476
24.4168852372341,0.318570235617189,-0.371193973949911
24.4828203364728,0.307321712304782,-0.446336461564774
24.548798617096,0.290496501215867,-0.550560547305757
24.6148323676947,0.269172030575556,-0.682504077627208
24.6809295765294,0.244753565207648,-0.851945049557784
24.7470931870453,0.218671506314191,-1.07010686910063
24.8133210445465,0.192377198124146,-1.34658133164673
24.8796064209684,0.167330712646203,-1.67990016396692
24.9459389727731,0.144946124774041,-2.03664343970924
25.0123059747615,0.126429507268488,-2.32214884942437
25.0786936755159,0.112453719128073,-2.37716473583374
25.1450886369724,0.10277534601349,-2.05126380917223
25.2114789430724,0.0961146709362224,-1.43877035352697
25.2778550227942,0.0907218282349058,-0.752513171557069
25.3442097649357,0.0854154593233249,-0.0393650017499384
25.4105382724839,0.0797274242349446,0.711416636614011
25.4768375301716,0.0738135262098818,1.53085282218701
25.5431060604837,0.0683796063645287,2.41455298821199
25.6093436109766,0.0645909242252647,3.23764101811443
25.6755508944289,0.0637844310426698,3.72359435948887
25.7417293856213,0.0668563546109024,3.66695245382082
25.8078811644595,0.0737317675963567,3.20528167629032
25.8740087884572,0.0835411614262115,2.60212279639026
25.9401152611856,0.0951585843054605,2.0268016492297
26.0062042202341,0.107369381589244,1.56118022237809
26.0722801601372,0.119025403249966,1.20752239933339
26.1383485471704,0.129087466326569,0.942929295199996
26.2044157754001,0.136609013192859,0.742922870687109
26.2704889288965,0.14071249789968,0.587480534920083
26.3365753324783,0.140571727059172,0.460716074780717
26.4026818963417,0.135400423878205,0.348328726589422
26.4688142882281,0.124444574122931,0.232491160314223
26.534976003636,0.107304270085755,0.0926600905719262
26.6011675432918,0.0849132456001522,-0.139281028066378
26.6673860826324,0.0585726505163543,-0.758467741922432
26.7336256830978,0.0298344233126592,-4.11119503385578
26.7998779379739,0.00900201193165451,-49.9847768654813
26.8661329466444,0.0350359670909223,-2.92486487685159
26.9323804807587,0.0653222350082366,-0.475917743487803
26.9986111885188,0.0941314363689996,0.106099102114106
27.0648176812884,0.120135916642792,0.394840486442231
27.1309953598966,0.142264755688133,0.626694540334134
27.1971428644764,0.159816795053873,0.821862152826796
27.2632620366289,0.173069673894471,0.973188000240381
27.3293574106808,0.18252865055195,1.10600881456498
27.3954355154048,0.188680871929512,1.23188319017567
27.46150413686,0.19198479743908,1.35720356319113
27.5275715917838,0.192863023346044,1.4865859235597
27.5936460393117,0.191698710655116,1.62460856794946
27.6597348441005,0.188838163945845,1.77699331382537
27.7258439935238,0.184603733786962,1.95155038331048
27.7919775656002,0.179322930472092,2.15879911873136
27.8581372471197,0.173593166989077,2.39323184729864
27.924322024956,0.168896973849747,2.59525201281633
27.9905283445574,0.166700308498398,2.68816550838584
28.0567506650942,0.167898125465026,2.61517387887502
28.1229822427655,0.172559770630641,2.37556344737808
28.1892160255988,0.179933073642931,2.02121634382703
28.2554455385894,0.188702159641647,1.61652734774483
28.3216656417716,0.197318004392232,1.20435473079475
28.3878730595298,0.204251068951012,0.797324021182176
28.4540666074375,0.208145156049989,0.382676875442649
28.5202470806428,0.208078827030282,-0.00451970264366835
28.586416764343,0.204123563954477,-0.338005655663682
28.6525786351903,0.196854771300673,-0.64883854498823
28.718735606712,0.187066744194961,-0.956696730122361
28.7848899982994,0.175679250511336,-1.27126311624035
28.851043262468,0.163661651280394,-1.5905720504493
28.9171959599334,0.151944572765667,-1.89779746925635
28.983347940232,0.141297689077368,-2.160650401014
29.0494986638318,0.132172685306863,-2.33993831244088
29.1156475898773,0.124551026782448,-2.4095152505901
29.1817945488108,0.118003772881945,-2.42787842251366
29.2479399625522,0.112311524724756,-2.45531260007057
29.314084798163,0.107421680508345,-2.48796617604048
29.3802304250347,0.103339096815123,-2.51750315822967
29.4463784696293,0.100091790726065,-2.53274141484575
29.5125306756933,0.0976940961152965,-2.52258990784652
29.5786887703754,0.0961131750902101,-2.47965620420736
29.6448543332976,0.0952457941608423,-2.40306748989867
29.7110286632048,0.0949103998328249,-2.29908612950391
29.7772126353419,0.0948547865783668,-2.17934950125241
29.8434065441912,0.0948523511612295,-2.06702445786389
29.9096099780768,0.0949751726243266,-1.95920421522696
29.9758218259965,0.0953748569450609,-1.83339829924241
30.0420403638504,0.0961596451111648,-1.67298565153444
30.108263372841,0.0973628158736186,-1.46889568184832
30.1744882817439,0.0989369793978399,-1.21906044722041
30.2407123248779,0.100773856484837,-0.925753982755157
30.3069327079403,0.102745211439386,-0.592270688266614
30.373146776327,0.104759456430586,-0.220831111203784
30.4393521851163,0.106830471487311,0.186768915973385
30.5055470748919,0.109096114295077,0.554749761011266
30.571730222963,0.111651613990731,0.813156262227077
30.6379011018007,0.114591634009038,0.967920296019172
30.7040599004726,0.117945878804933,1.02830925010401
30.770207544863,0.121610186743101,1.00839508156905
30.8363457055291,0.125325825523225,0.925374592467911
30.9024767732065,0.128695737951916,0.795677234971685
30.9686037788982,0.131221842877962,0.630996886600956
31.0347302365993,0.13234951876799,0.43533735931171
31.1008598920234,0.131512615122724,0.202424340074192
31.1669963720464,0.12831041800421,-0.032739331066599
31.2331427944286,0.122941976007796,-0.237743029365354
31.2993014881797,0.115811897989309,-0.426729728540009
31.3654738396119,0.107361948224025,-0.607422172916368
31.4316602409302,0.098039004821789,-0.781353535083136
31.4978601358879,0.0882654666077161,-0.942283532044451
31.5640721491243,0.0784064235528133,-1.07281654561354
31.6302942797439,0.0687313230645544,-1.13912652780827
31.6965241370219,0.0593744065874732,-1.08256158608633
31.7627591968043,0.0503112080369945,-0.8005559843123
31.8289970587915,0.0413752518680592,-0.267264208505027
31.8952356350744,0.0323795353395938,0.571393569752179
31.9614731731521,0.0233860697444609,2.27520124972053
32.0277082150612,0.0151173895158119,6.91377375265012
32.093939560917,0.010876509107635,14.4478212667668
32.1601662433441,0.0153752828686522,7.34313508606608
32.2263875118927,0.0243398199008529,2.98095842296918
32.2926028228952,0.0343838711402818,1.61270701091044
32.3588118279635,0.044583073738829,1.14032029312517
32.4250143534651,0.0545774251873494,0.99243401891659
32.4912103653346,0.0641929062654431,0.940186398199748
32.5573999516052,0.0733758372311265,0.896048650094501
32.6235833826924,0.0820739899612981,0.858005318838323
32.6897611915047,0.0902148887003368,0.825639793630336
32.7559342336937,0.097708905043369,0.799214566478985
32.8221037228071,0.104452444088013,0.779363384198112
32.8882712365769,0.110331162707878,0.767024629448335
32.9544386909414,0.115223256745267,0.763498398528019
33.0206082791426,0.119002936573996,0.770597588387769
33.0867823743631,0.121544313749103,0.790906959339463
33.1529633964129,0.122723747253228,0.808480604381859
33.2191536581463,0.122395272924669,0.809071199397583
33.2853552159252,0.120362235869439,0.797955425939798
33.351569701528,0.11637957086188,0.779920026579908
33.4177981223029,0.11016074640533,0.759834923100125
33.4840406345683,0.101384938767027,0.743760559439762
33.5502963026881,0.0897038268595273,0.741901964579208
33.6165628650032,0.0747483712629071,0.778685748316825
33.6828365384571,0.0561395174883559,0.940467421808874
33.749111906356,0.0335345687572796,1.78549340108416
33.8153819509144,0.00806435644547357,26.7448535884161
33.8816383719766,0.024733916727655,3.28529593317872
33.9478723690998,0.0564609799305858,0.764789743792997
34.0140757493291,0.0888125976176649,0.336612124068445
34.0802421448088,0.120156406848117,0.159462043458218
34.146368145684,0.148988723003307,0.0463958854522296
34.2124541482494,0.173807797402564,-0.0496774848260915
34.2785047328463,0.193111954223719,-0.150507804589543
34.3445284242786,0.205422472674149,-0.27507460633793
34.4105367508326,0.209327175628633,-0.450943666693239
34.4765426089165,0.204045705800986,-0.689937547785392
34.5425581464758,0.190965438447897,-1.00904412432453
34.6085928078468,0.172205233653702,-1.47348958099912
34.6746520590267,0.150272542840949,-2.17700984177645
34.7407368986814,0.128366413463995,-3.21340915565115
34.8068441115541,0.110754323116979,-4.46980014052803
34.872967133303,0.102356189748107,-5.20748423120896
34.9390973355873,0.105856502523173,-4.63032979080476
35.0052255065891,0.118851378906815,-3.29501006064027
35.0713432934417,0.136153745863472,-2.06325240150381
35.1374443850826,0.153399839226517,-1.21347335851609
35.2035251932062,0.168539586022478,-0.67828215029449
35.2695849137838,0.180870767921396,-0.31985618529641
35.3356252449802,0.190255177475018,-0.0615799388405157
35.4016499561174,0.196829346811391,0.138152339236059
35.4676643940747,0.20087477512734,0.302256974715979
35.5336749915282,0.202753990399624,0.44330142847905
35.5996888246093,0.202874072646887,0.567627791836213
35.6657132524108,0.201661194113151,0.677407381059577
35.7317556573304,0.199538680311199,0.771737785577988
35.79782328712,0.196937157603374,0.85283938499962
35.8639230374492,0.194380924857135,0.91921567858515
35.9300609288838,0.19239120585031,0.961293620503916
35.9962415503603,0.191431957350477,0.969189288121936
36.0624676219173,0.191886865025867,0.934996920584414
36.12873966756,0.194046271881813,0.855110798347503
36.1950557831505,0.198111079118541,0.731549336343636
36.2614114873078,0.204216496176648,0.571647871817233
36.3277996488977,0.212472203153329,0.386385211298669
36.3942104928033,0.22301040331816,0.188262876563971
36.4606317054101,0.235900071209198,0.0219242245582568
36.5270488792685,0.250768825639762,-0.0809456820310315
36.5934465886281,0.267147726028099,-0.130540841047612
36.6598096199805,0.28455000010522,-0.138128639281311
36.7261240874958,0.302447323497316,-0.113600416779303
36.7923783883489,0.320267431322276,-0.0644308206906655
36.8585639518199,0.337405365405267,0.00456029638297785
36.9246757321895,0.353244009063131,0.0910793282150673
36.9907123988597,0.367182656917091,0.195142760203493
37.0566761883526,0.378674699496732,0.318923985786889
37.1225724047723,0.38740463477018,0.437399023813191
37.1884086640288,0.393664479523635,0.526403480142697
37.2541941865215,0.397866066902309,0.588809204893945
37.3199392690566,0.400357715962453,0.625609179325069
37.3856549161043,0.401390778749565,0.636814919865179
37.4513526050102,0.401098026765987,0.622000670970028
37.5170441445388,0.399485065030454,0.580533069208055
37.5827415768109,0.396435962406006,0.51148909475734
37.6484570711762,0.391733756737633,0.413262557423609
37.714202764905,0.385096242409026,0.282861300682741
37.779990513327,0.376315857222124,0.140858743500656
37.8458313942804,0.365605460992447,0.00827316779385523
37.9117348398836,0.353383567917327,-0.117952228124774
37.9777078195674,0.340159994740984,-0.239507392698276
38.0437542882449,0.326505938514226,-0.356396502863527
38.1098749129003,0.313027372588178,-0.46652369647336
38.1760670665603,0.300338559418739,-0.565299828373445
38.2423250656354,0.289032880963907,-0.645533119814977
38.3086406180755,0.27964973045733,-0.6979820191797
38.3750034454754,0.272639532440452,-0.712876946769754
38.4414020361766,0.268267854347297,-0.702982732197679
38.5078243445275,0.266455253519471,-0.687976463426212
38.5742581247222,0.267066629397628,-0.669630757485688
38.6406910626034,0.269993657222287,-0.649753080630875
38.7071108566715,0.275157528811001,-0.629956988185914
38.7735052768953,0.282510737493383,-0.611503421248966
38.8398622231317,0.292037930349972,-0.595225646515549
38.9061698044312,0.303755902445069,-0.581529050492269
38.9724164608222,0.317712794590507,-0.570444545802473
39.0385911503096,0.333986484874462,-0.561711585894416
39.1046836410807,0.35252764707803,-0.543446752025707
39.1706852949177,0.372645824562064,-0.510289399411231
39.2365907902108,0.393396937359771,-0.469967870550586
39.3023999207922,0.41374571083874,-0.427919636157634
39.3681189524791,0.432587698183399,-0.387610401907886
39.4337614169513,0.448773047942194,-0.351074085743001
39.4993482439566,0.461133700354221,-0.319444246973288
39.5649071512017,0.468514683238953,-0.293396828503943
39.6304712439396,0.469807988391734,-0.273514336249763
39.696076823206,0.463985062952173,-0.260634622477582
39.7617604554494,0.45053670986292,-0.260800753285057
39.8275553726193,0.430725218792157,-0.27853074223724
39.8934877794062,0.40630979277552,-0.314126167282932
39.9595741328672,0.379084682720983,-0.368960540129327
40.0258196629282,0.350848193625205,-0.4443649324431
40.0922180293603,0.323393142031776,-0.539619783122199
40.1587519479294,0.29851304902906,-0.648420676678836
40.2253945978116,0.278005817171465,-0.754056498379903
40.2921116326395,0.263643816364435,-0.826459710278067
40.3588636545241,0.257083103515864,-0.828338299179748
40.4256090689262,0.25924948247549,-0.743694941064322
40.4923072262397,0.268846325752613,-0.604258193092792
40.5589214374552,0.283943256106343,-0.449241178387596
40.6254215108913,0.30260827576953,-0.305015790329197
40.6917857783478,0.322975707401628,-0.182669476273999
40.7580025712998,0.343246397072819,-0.0830577708855324
40.8240710543381,0.361662871337755,-0.00208464998995434
40.8900012944985,0.376491289414934,0.0661748163465819
40.9558134446315,0.386023437160904,0.128309691825871
41.0215359491377,0.388599191468565,0.191769037025153
41.0872027456812,0.38307756347316,0.260707028954742
41.1528496816256,0.370169796319988,0.337048746236092
41.2185109926897,0.351124562906917,0.426292616941239
41.2842165238933,0.327263643791047,0.534632932589629
41.3499898228834,0.299952613499655,0.669517913974606
41.4158471033782,0.27057859264699,0.83978563109182
41.48179701046,0.240537820787066,1.05470284354365
41.547841069906,0.211229188731613,1.32019575102225
41.6139746722432,0.184037830087631,1.62904889320254
41.6801884275701,0.160272104896563,1.94202831355177
41.7464697228718,0.140913687788345,2.20083147489517
41.8128042146883,0.126197605230066,2.34102074318013
41.879176922955,0.115804551846904,2.28562705591472
41.9455730075688,0.10887882137149,2.00995509700558
42.0119783263337,0.104159118510653,1.55098564803357
42.0783797913594,0.100286225353647,0.961518298641224
42.1447655489319,0.0961259074662495,0.257595805527907
42.211125021341,0.0910312458520728,-0.605414499773703
42.2774488640866,0.0851338175848537,-1.72331834990951
42.3437289083426,0.0798393379929711,-3.13825602289247
42.4099581761628,0.078400613566973,-4.28940944940513
42.4761310629589,0.0845364360987319,-4.2699008067018
42.5422437516206,0.0990572362900979,-3.32160665043597
42.6082948477409,0.11958646422156,-2.28781407911099
42.6742861208189,0.142855998361951,-1.51841098904613
42.7402231737113,0.165962869775095,-0.997884081634638
42.8061158389208,0.186464557282349,-0.641052737720921
42.8719781056911,0.202223222082388,-0.37842115597926
42.9378274172231,0.211297110286137,-0.15963764049433
43.0036832436194,0.211899677496898,0.0594232392949641
43.0695649401311,0.202983783083956,0.297740089824103
43.1354892436416,0.185984656222246,0.580243488960901
43.2014683176701,0.163084951663501,0.979737988644092
43.2675087236622,0.136702386577945,1.61637613472298
43.3336112699983,0.109719017999274,2.69811266979909
43.399771629657,0.0860061538907218,4.43720345124655
43.4659815320362,0.0709116154436077,6.19238941970412
43.5322302835879,0.0687612510125537,5.77287286137666
43.5985063584318,0.0768278556976077,3.57733857293909
43.6647988217759,0.0878199371827483,1.60536902267355
43.7310983976273,0.0966168322626606,0.286469843328114
43.797397923826,0.102002315985902,-0.59151533628632
43.8636920344112,0.10468473846785,-1.27149446957444
43.9299766017264,0.106090735698775,-1.81947805865414
43.9962482744566,0.107890245961273,-2.19813207465842
44.0625041909716,0.111569021035506,-2.33330304836252
44.1287418805282,0.117990489477585,-2.19954009099866
44.1949593193689,0.127157853352723,-1.86007533236771
44.2611550771099,0.138334217318481,-1.41875605315762
44.3273284710998,0.150385230746214,-0.953903344573171
44.3934796465137,0.162156201338958,-0.56751256085106
44.4596096061834,0.172887838898939,-0.304468758973276
44.5257203248689,0.182149161307728,-0.129441351000372
44.5918148255959,0.189665016697604,-0.0183441623939608
44.6578971477721,0.195230192774822,0.0441257069925905
44.7239722189825,0.198664370273887,0.0669966906285609
44.7900456417566,0.199790809265823,0.0545615880815105
44.8561234049823,0.19842993192398,0.00690591953310542
44.9222115307515,0.194404099744936,-0.0806064668922698
44.9883156712158,0.187553910316194,-0.219234535828448
45.0544406755001,0.177876126650177,-0.39908208909998
45.1205901411794,0.165867509881014,-0.609428368472687
45.18676601099,0.152206041083506,-0.869644813383366
45.2529683450765,0.137662603404577,-1.20207191782834
45.3191953008508,0.123135637536984,-1.62747196429664
45.3854433001761,0.10969140190957,-2.1473420939573
45.4517073523273,0.0985673020013609,-2.70273316353729
45.5179814941799,0.0910297382736033,-3.12879492421481
45.5842593049398,0.0879678746581587,-3.20721788063136
45.6505344512838,0.0893816515275518,-2.86669462154103
45.7168012180223,0.0942858498333354,-2.31107340008391
45.7830549374624,0.101287011348912,-1.7727685472774
45.8492922115355,0.1092186926263,-1.33232509092601
45.9155109947936,0.117253462882517,-0.998103134429538
45.9817105927348,0.124833406578092,-0.752639007399871
46.0478915856084,0.13158214005449,-0.575255285038629
46.1140556852992,0.137238349641651,-0.449058135844879
46.1802055325376,0.141612796018856,-0.361886761083796
46.2463444416295,0.144562145520303,-0.305619951974336
46.3124761001188,0.145973577840627,-0.275347803642699
46.3786042327146,0.145817658795003,-0.263684430316112
46.4447322785955,0.14432570420743,-0.263481148308729
46.5108631800612,0.141798106595821,-0.272941896159223
46.5769992667577,0.138540365289671,-0.290754208276184
46.6431422092481,0.134861800010744,-0.315601232476501
46.7092930402991,0.131074519531797,-0.345710798055866
46.7754522411973,0.12749233462036,-0.378427124363171
46.8416198889706,0.124429264508911,-0.409884662314845
46.9077958598949,0.122197311896037,-0.434966000999134
46.9739800850987,0.121103383207355,-0.447782408992554
47.0401728501264,0.121364376897541,-0.45932630066585
47.1063750012011,0.122872738128396,-0.485514750347753
47.1725878155583,0.125462446273059,-0.526790850818024
47.2388127138118,0.128997239844389,-0.582404686935134
47.3050509450477,0.133376703099833,-0.650767185780423
47.3713032557942,0.138544336049882,-0.729688145006131
47.4375695491141,0.144497121793002,-0.816438954152878
47.5038485412774,0.15129579566443,-0.907668215717044
47.5701374256368,0.159074657163469,-0.999263000518085
47.6364315564625,0.168049345017599,-1.08629206551296
47.7027241809543,0.178460053799206,-1.12919459682301
47.7690065201443,0.19029149140285,-1.1066107019257
47.8352686352315,0.203286587068747,-1.04057991739893
47.9015005705999,0.217007294496914,-0.950495829980068
47.9676934383204,0.230876274131718,-0.850928624631894
48.0338403794774,0.244218917644119,-0.751334758621803
48.0999373461019,0.256297457271814,-0.656934169235381
48.1659836489982,0.266336162647479,-0.56992291456832
48.2319822232335,0.273539922178965,-0.49052033874837
48.2979395750111,0.277108930829528,-0.417664825236568
48.3638653872074,0.276414404020815,-0.35479819109989
48.4297717019288,0.271506758556975,-0.302151795037632
48.4956716939166,0.262640024931434,-0.25421239026808
48.561578434482,0.250100992488455,-0.205995149593929
48.6275038360702,0.23420000883719,-0.151916056094766
48.6934578170651,0.215263487058134,-0.0842958742617678
48.7594477090361,0.193629426903278,0.00932250095196394
48.8254779171309,0.169649042282657,0.151993401270803
48.8915498342471,0.143702059793117,0.391942102116521
48.9576620012351,0.11624793173387,0.84480947183103
49.0238104974726,0.0880700030136375,1.77734551771188
49.0899895120983,0.0609958837524781,4.00190452047975
49.1561920325219,0.0395290202894405,9.57780651974022
49.2224106526762,0.0349382714096068,11.6517095686708
49.288638426195,0.0492386545981168,5.29532123194011
49.3548696479952,0.0687090611604348,2.32168953748809
49.4211004550671,0.0867116381599965,1.1588975521913
49.4873291553909,0.100758553860637,0.61043426089173
49.5535562216947,0.109382295900268,0.291579194171897
49.6197839246816,0.111417775826492,0.051724510742196
49.6860156275059,0.106145331822248,-0.170264053149587
49.7522548102144,0.0941993630189166,-0.431562436746891
49.8185040307482,0.0766075728201186,-0.881327850581751
49.8847641316057,0.0545499064968613,-2.03779321581591
49.9510338161103,0.0300138171126892,-7.38936970730811
50.0173096051133,0.0158292590395626,-28.483950146201
50.0835861352005,0.038340582900763,-5.25596543322482
50.1498567220775,0.0692937767014283,-1.8076659019409
50.2161140859068,0.101303520338122,-1.00262805052564
50.2823511185273,0.132808429616799,-0.730521763608094
50.3485615693055,0.162898675889949,-0.596831191842701
50.4147406338231,0.191250350133587,-0.490075072869337
50.4808855701678,0.217616116301247,-0.393733971759221
50.5469962055585,0.24169449724122,-0.30016098430095
50.6130752180537,0.263144909485053,-0.204590433233612
50.6791281626122,0.281607042269636,-0.103015053912608
50.7451632207401,0.296725028922708,0.00881581844219664
50.8111906643499,0.30817768498027,0.136078402996925
50.877222040979,0.315717171594061,0.285526956564451
50.9432691089215,0.319220418342229,0.466220229402005
51.009342579644,0.318874596087318,0.660277412634365
51.0754508425729,0.315530952094793,0.846314965408614
51.1415990194846,0.310255277508794,1.02590295855393
51.2077884470536,0.304152238816553,1.19491572911273
51.2740165625305,0.298304822615925,1.34381437213813
51.3402771721511,0.293694962637601,1.45899044381319
51.4065610554857,0.291107435541233,1.52602493235281
51.4728568372578,0.291033215082664,1.53446462358726
51.539152043086,0.293600440684897,1.48197964067932
51.6054342464071,0.298559197050209,1.37531103587907
51.6716922078774,0.305332881223815,1.24174900314151
51.7379168606724,0.313187167389181,1.10735108050932
51.8041019828516,0.321392579386646,0.979565773386216
51.8702446043747,0.329262382671005,0.862538824225226
51.9363451884431,0.336163874446097,0.757964955460014
52.0024075833507,0.341521199126421,0.665972966531643
52.0684387444299,0.344814240390572,0.585821657910713
52.1344482323288,0.345576273666185,0.516369652653303
52.2004475016264,0.343391489493776,0.456360222967103
52.2664490024527,0.337892462298983,0.404578421206465
52.3324651267023,0.3289102506875,0.361991826765377
52.3985070547609,0.316930690970326,0.327597373837283
52.464583706149,0.302624983897036,0.297825743598552
52.53070103161,0.286680049217266,0.269388047855343
52.5968616900176,0.269785260097144,0.238873627471463
52.663065085487,0.252623293512727,0.202469501610927
52.7293077255302,0.235864836395693,0.155867438957869
52.7955838535148,0.22016688833316,0.0945370040141194
52.8618863067086,0.206174562149023,0.0146570647291898
52.9282075544052,0.194526535939663,-0.0850042242990291
52.994540865844,0.18568428787531,-0.208006824807697
53.0608812498042,0.179418521133626,-0.35629221330898
53.127225537221,0.175389259178419,-0.523777031991973
53.1935720051666,0.173345980100861,-0.703343071428331
53.2599198700588,0.173141640897189,-0.887454483271087
53.3262686967327,0.174743685000593,-1.06830377002728
53.3926177548549,0.178241917908712,-1.23764897299807
53.4589653536414,0.183852201247831,-1.3867225194279
53.525308187689,0.191913805514749,-1.50664517348835
53.5916407309438,0.202878086264705,-1.58959028143379
53.6579547394036,0.217208760908949,-1.59237908468523
53.7242393315346,0.234939144002279,-1.50208430328842
53.7904823127852,0.255616700740631,-1.36012409921169
53.856671973484,0.278443719065127,-1.20100575733558
53.9227988278176,0.302403248907433,-1.04710531700249
53.9888571572972,0.326356988850826,-0.909923084862017
54.0548462293528,0.349107058962267,-0.793744818057861
54.1207710606102,0.369432789208725,-0.699022757888169
54.1866426035579,0.38611615930514,-0.624685437146598
54.2524772563456,0.397965035444696,-0.569534318191855
54.3182956284598,0.404129375600233,-0.526848628326896
54.3841205664843,0.40498300644335,-0.485488961491879
54.44997482759,0.401222414359145,-0.438963029583554
54.5158789861424,0.393555022234893,-0.381100936631757
54.5818497584186,0.382684925480755,-0.305296101642555
54.6478987773277,0.369306852970714,-0.203934275634071
54.714031819478,0.354114495454448,-0.0679647751596336
54.7802484699832,0.337830832744439,0.113224248057424
54.8465422040885,0.321269676579352,0.351068947477064
54.9129008692973,0.305437723204867,0.654897489315323
54.9793075650004,0.291541944532416,0.980519267174131
55.0457418745097,0.280570946039945,1.26389012206261
55.112181274304,0.273380900761626,1.47403513642264
55.1786026547706,0.270548420676928,1.58278451516394
55.24498392444,0.272141418506558,1.57910959852377
55.3113056117338,0.277612055139463,1.4759212603983
55.377552350555,0.285854181257277,1.30287674488444
55.4437141214423,0.295376538221687,1.09186044487951
55.5097871175911,0.304499056206751,0.866017913524681
55.5757741161286,0.31150907886099,0.636099001688587
55.6416842550229,0.315015502963341,0.432344275342413
55.7075320427856,0.314811128390789,0.272922628511816
55.7733356262346,0.311182089672161,0.145935494450882
55.8391149566505,0.304585948328754,0.0442341467333644
55.9048901641964,0.295588393367984,-0.0356832329440207
55.9706802072312,0.284817175293477,-0.0943201993302331
56.0365018239594,0.272926894712106,-0.129530726605506
56.1023687876226,0.260572473960512,-0.136777925959782
56.168291446765,0.248391884542128,-0.109568508146612
56.23427651965,0.237000854316322,-0.0404050590081023
56.3003271088151,0.226912353711639,0.0532129950151972
56.3664429387302,0.218285004809811,0.146792189263698
56.4326207965657,0.211205323825585,0.236416836388815
56.4988550171327,0.205774051731918,0.317398676350473
56.5651379561618,0.202097373864662,0.384669747657013
56.6314604567239,0.200275762243855,0.433471695964711
56.6978123150256,0.200392118541005,0.460219869112834
56.7641827512389,0.2025015663743,0.463276606845077
56.8305608905911,0.206625201912631,0.443330795393546
56.8969362596476,0.212749146640561,0.403216829700957
56.963299299683,0.220786394844582,0.34842485608175
57.0296418256651,0.230461603021524,0.285618505258278
57.09595728699,0.241453540383057,0.219592549290018
57.1622409059899,0.253445151605147,0.153614004357768
57.2284897521673,0.266128095272082,0.0895533273446761
57.2947027459103,0.279205765325838,0.0281886333273921
57.3608805812511,0.292395711502226,-0.0304718946291796
57.4270255567625,0.305432259062114,-0.0869234842446759
57.4931413042295,0.318069907179448,-0.141973873259178
57.5592324062766,0.33008787685053,-0.196620772124711
57.6253039040434,0.341317990946037,-0.239985942802272
57.6913608798127,0.351696437768769,-0.262763981136559
57.7574084353495,0.361160743015081,-0.267775502610972
57.8234517971278,0.369617835552708,-0.257147318071986
57.8894963593316,0.37694402923473,-0.232419554047444
57.9555476438784,0.382989533763893,-0.194578762162152
58.0216111641757,0.387586679590083,-0.144035855397376
58.0876921816817,0.390561369709059,-0.0805593832191738
58.1537953488415,0.391747639407751,-0.00316717104308844
58.2199242385471,0.391005692765869,0.0900252186093172
58.2860807750762,0.388296047482793,0.185138307970686
58.3522647505652,0.38383477234903,0.267854707323539
58.4184737717244,0.377896183888914,0.339478916723213
58.484703484796,0.370734563872065,0.40052671644279
58.5509479394116,0.36256532953592,0.450896362337494
58.617200074599,0.353549575248069,0.49001207357252
58.6834523086736,0.343781906318431,0.516940708434266
58.7496972099627,0.333281882746467,0.530468392348733
58.8159282230181,0.321989655700721,0.529107472627808
58.8821404250815,0.309766537370366,0.510984866237189
58.9483312768241,0.296432386387914,0.487110971620652
59.0145010242337,0.281905681062878,0.470368891519789
59.0806522460655,0.266175645170562,0.461499730982277
59.1467891135933,0.24927338314132,0.461745350796178
59.2129167104713,0.23126523915092,0.47314952279491
59.2790404351889,0.212247397309955,0.499063227503337
59.3451654915907,0.192342097832487,0.545052993904703
59.4112964693183,0.171696264635183,0.620635663925564
59.4774370126399,0.150484258126328,0.742806072616976
59.5435895730536,0.128918714608005,0.94372736877072
59.6097552411558,0.107337464302451,1.2783741843705
59.6759337212319,0.0864318244681873,1.84560418198458
59.7421235663244,0.0671798833779498,2.83690535867175
59.8083225510097,0.051044305300565,4.50057024355057
59.874528068762,0.0402890664734208,6.47810419327497
59.9407375044578,0.0370822211545935,6.64524056718079
60.0069485408539,0.0402763574807736,4.66666981532729
60.0731593661065,0.0458440061904211,2.75875249060912
60.139368760327,0.0505609619491253,1.49274362713803
60.2055760528605,0.0526315128481659,0.588002922077553
60.271780959228,0.0512286587812408,-0.168802729830669
60.3379833477573,0.0466565198121701,-0.967459946204153
60.4041830401368,0.0397716085399863,-2.14199954858868
60.4703796948829,0.0319805937870526,-4.21952564968061
60.5365727863011,0.025890455854675,-7.32808042197124
60.6027616793389,0.0254998959605898,-7.99660581746979
60.6689457825841,0.0319710050671213,-5.08547698056366
60.7351247481595,0.0420509951619071,-2.78498787985147
60.8012986790166,0.0528466070595976,-1.5736533098346
60.8674683011298,0.0626980899752582,-0.921421936287433
60.9336350588197,0.0706684512755575,-0.574035365121152
60.9998010676159,0.0767334345905103,-0.407646414370635
61.0659688877517,0.0811585182242043,-0.340769660593837
61.1321412367232,0.0842625889083076,-0.33965873624496
61.1983207089533,0.0863946722935083,-0.388982246814934
61.2645095201367,0.0879305397002033,-0.480057954952263
61.3307092874541,0.0892787659101123,-0.6045690311322
61.3969208538544,0.0908911145218357,-0.750207744906445
61.4631441633562,0.0932716390340015,-0.897947571853891
61.5293781948391,0.0969768584120669,-1.02252021019636
61.5956209655266,0.102488179809721,-1.07384673609302
61.6618696487435,0.109812152237089,-1.03769157746287
61.7281208398268,0.118739502627863,-0.945384455491316
61.7943708711089,0.128967061660934,-0.825819643584756
61.8606161217537,0.140130541317065,-0.699597592249375
61.9268533061272,0.151833932482511,-0.578559910283163
61.9930797227588,0.163669445653717,-0.467939392870349
62.0592934440226,0.175228829022929,-0.368850549967644
62.1254934260616,0.186109135065466,-0.280161174782757
62.191679519221,0.195915757112123,-0.199620938802544
62.2578523637956,0.20431916190037,-0.126448740180644
62.3240132221235,0.211219656032538,-0.0588993424866215
62.3901638733134,0.216582960254381,0.00649268519490601
62.4563065206323,0.220385864961053,0.0726404862271002
62.5224436676847,0.222617813248025,0.142251820500783
62.5885779696709,0.223283715163593,0.218095162893962
62.654712069156,0.222408163146581,0.303230534265214
62.7208484267296,0.220041485495467,0.401228004827415
62.786989157952,0.216268391930994,0.516373468518975
62.8531358890383,0.211220360826873,0.65382165808432
62.9192896439989,0.2051409807695,0.800172258947578
62.9854507610303,0.198512956334222,0.935375824206732
63.0516188492782,0.191845225121007,1.05245931501165
63.1177928537043,0.185581584926811,1.14126788965871
63.1839712345937,0.180059835201756,1.1900797294347
63.2501522326985,0.175473124326232,1.18818080268158
63.3163341868336,0.171844065485439,1.12852474903973
63.3825158703354,0.169022426011985,1.00905213149467
63.4486968151074,0.166711972514635,0.831684532301393
63.514877597011,0.164524223093203,0.599266485204202
63.5810600574187,0.162112719348401,0.359147597046035
63.647247289833,0.159463876258874,0.156694123151273
63.7134431630194,0.156772784721728,-0.00826177017050581
63.77965170698,0.154333263937302,-0.133062809378426
63.8458765548477,0.152487683676674,-0.212607675269718
63.9121204560852,0.151588735174843,-0.241036995067193
63.9783848627779,0.151974578641614,-0.214351824353584
64.0446695876319,0.153960913670908,-0.133167476674583
64.1109725327492,0.157852608631074,-0.00453627443360467
64.177289492399,0.16397302108195,0.15793686195821
64.2436140504088,0.172548299321794,0.298076414947136
64.3099378213569,0.183239685405784,0.376465376171234
64.3762513558296,0.195534251733579,0.40557295078438
64.4425452311054,0.208865839109171,0.399683325120476
64.5088110483378,0.222609795659849,0.371160857069493
64.575042291846,0.236089726320845,0.329054828141763
64.6412350070919,0.248588579329262,0.27909481219443
64.7073882502379,0.259360572134371,0.224226943934992
64.7735042641205,0.267643177060878,0.165162511016522
64.8395883434214,0.272669509261442,0.100664960146843
64.9056483641201,0.273862330709664,0.0327456753067492
64.9716939470115,0.271391544234332,-0.0386138591720108
65.0377353662479,0.265642018389951,-0.118985293224232
65.103782519341,0.257035060373301,-0.214303435398563
65.1698440847146,0.246032661016404,-0.331518297298645
65.2359268940233,0.233147039768979,-0.479094210625869
65.3020355326506,0.218958492081346,-0.667151945955684
65.3681721723236,0.20414487806829,-0.906578329068599
65.4343366321661,0.18952456984822,-1.20552006195352
65.5005266589222,0.176107433525808,-1.56048368121759
65.5667384106228,0.165087250721168,-1.90098386408046
65.632967054029,0.157523187013908,-2.11693733619868
65.6992073148268,0.153977778921402,-2.13984029157659
65.7654540129507,0.154270565378577,-1.95655520647086
65.8317025671433,0.157476984633425,-1.61810395163076
65.8979493881814,0.162199827258501,-1.19714158877046
65.9641920883902,0.166924598874735,-0.743449253497882
66.0304294551098,0.170293735693607,-0.269299191417267
66.0966611650411,0.17128677846891,0.246165823876097
66.162887255001,0.1693912181185,0.850565583654107
66.2291074151683,0.165029870462136,1.50872184372042
66.2953203018601,0.160142010447769,2.12828726184452
66.3615232181171,0.15727097594051,2.62249398991855
66.427712250169,0.158780775284096,2.85313591302728
66.4938827959804,0.166034520769185,2.74829533317059
66.5600303887031,0.178857694133278,2.38624871937377
66.6261516683731,0.195749188357148,1.92115636597624
66.6922453231122,0.21454928465583,1.46764914306706
66.7583128084424,0.232992217647815,1.07086741420945
66.8243586604491,0.248961966304706,0.731201576109065
66.8903902485241,0.260837788771636,0.458419465463207
66.9564169492693,0.268357586722405,0.24669561668622
67.0224490472862,0.271786170049406,0.0680830831056794
67.0884966262592,0.27156000897018,-0.0951451327860722
67.1545685548772,0.268238911945181,-0.254948907187618
67.2206716497294,0.262482577359251,-0.419599023787903
67.2868100733704,0.255040371441965,-0.594212110612324
67.3529850032829,0.246747371335211,-0.780040194351367
67.4191945883013,0.23851939743716,-0.972678974227776
67.4854341935373,0.231336466799459,-1.15977247392739
67.5516969217601,0.22612146239791,-1.30735998317121
67.6179743507592,0.223381378397266,-1.38331430834175
67.6842573448163,0.223276075155426,-1.37853905188947
67.7505368796827,0.225632778644348,-1.29685694590238
67.8168048440028,0.229961844331562,-1.15319786113992
67.8830547584895,0.235532868547291,-0.966901192858738
67.9492823549915,0.241478267063872,-0.754686867680948
68.0154859643308,0.246892637292421,-0.526512281140576
68.0816666736083,0.250913906022191,-0.284404942028765
68.1478282309238,0.252790111627476,-0.0226912191415388
68.213976691819,0.252088051106477,0.240527778420979
68.2801196894885,0.24917331631229,0.487780699133657
68.3462652474954,0.244762154454476,0.725812372835064
68.412420603366,0.239727660714918,0.953536126095461
68.4785912787305,0.235045833497331,1.16113765595179
68.5447804206427,0.2317237789388,1.33036633193001
68.6109884095063,0.230700130535956,1.4382532884552
68.6772127113716,0.232725976796926,1.46513568991967
68.7434479394477,0.238259436780316,1.40384741014599
68.8096860815397,0.247418655906285,1.26382839396837
68.8759168600149,0.259910741335889,1.07825021907509
68.942128500361,0.274830090096806,0.885361800063856
69.0083093065956,0.291115105619428,0.703743697388107
69.0744493539918,0.307721983805499,0.541528826407147
69.1405418920179,0.323649315686636,0.399917381436925
69.2065843920627,0.337942093275826,0.276337795811188
69.272579192061,0.349689418675772,0.166429909731554
69.3385336992943,0.358024247791885,0.0649616889525811
69.404460128059,0.362128751929025,-0.0340325848394763
69.4703747711288,0.361246171479782,-0.137739151782858
69.536296825004,0.354940276472483,-0.232171151345442
69.6022466706385,0.343818659498482,-0.29948972237661
69.6682436713068,0.32875596128054,-0.338946953025551
69.7343042134407,0.310600161827455,-0.345052869275385
69.8004402689111,0.290134910828605,-0.306961487147024
69.8666584542438,0.268062340139044,-0.206757323565132
69.9329595267745,0.245021335904093,-0.0163029071958854
69.9993382486235,0.221670087864479,0.3075122418642
70.0657835574814,0.198887183710789,0.826437626995454
70.1322790081796,0.178182053115446,1.60662135991761
70.1988034937737,0.162198807039991,2.51867993220237
70.2653323793052,0.15420319673769,3.1872160902498
70.3318391811536,0.156795379622705,3.26871328703655
70.3982975632346,0.170113662082375,2.78429931803692
70.4646834535763,0.191674334774763,2.09170602177778
70.5309771222277,0.217958579138252,1.46188741555327
70.5971650243396,0.24566427674971,0.969623050767149
70.6632411921413,0.27201704975435,0.595974695366982
70.7292079620475,0.29467631222558,0.301313148942588
70.7950758514245,0.311610665263484,0.0478644951420421
70.860862457108,0.321407871704466,-0.171518723673493
70.926590389681,0.32436319517381,-0.36012791415735
70.9922847164207,0.321343051909465,-0.537737637257286
71.0579705407829,0.313365319948949,-0.716598755455501
71.1236709723736,0.301559810255958,-0.90435209515411
71.189405589319,0.287133808498557,-1.10455127703636
71.2551894315928,0.271334273351703,-1.31554727554276
71.3210325105861,0.255396967105754,-1.52824485859516
71.3869397773405,0.240469859633024,-1.72393291002164
71.4529114602809,0.227500429374986,-1.87476977406347
71.5189436656713,0.217114495139684,-1.96822656829963
71.5850291909486,0.209631861823716,-1.99867012763491
71.6511585614907,0.205064205303763,-1.95310344952801
71.7173211219565,0.203085059623397,-1.83351085671555
71.7835060655697,0.203068127996621,-1.65526062076296
71.8497033547268,0.204179786615597,-1.43940815093206
71.9159044967272,0.20548828767888,-1.20435412404086
71.9821031479921,0.206056321275291,-0.960885906499052
72.0482955318069,0.205004675791638,-0.710657297200813
72.1144806687033,0.201553480459367,-0.445898030670423
72.1806604237928,0.195220237764209,-0.182444358688339
72.2468391324102,0.186365304545352,0.0680234554636614
72.3130225045593,0.175718886989303,0.322553782849573
72.3792164448616,0.164172584975155,0.590752672565256
72.4454261219831,0.152742708736894,0.869938971245616
72.5116552908236,0.142528147640775,1.1364161511121
72.5779058380246,0.134632807234242,1.33809678775958
72.6441775092395,0.130030392042327,1.40300446891078
72.7104677732898,0.129399789905596,1.2756498830212
72.7767717838627,0.133039548582772,0.959841150107855
72.8430824214433,0.140793067990762,0.588553815975219
72.9093905960376,0.151809262387335,0.29286021130224
72.9756860601077,0.165265620310549,0.0899889764111756
73.0419583545353,0.180483645378542,-0.0302992950340251
73.1081976879694,0.19684546964829,-0.0867617994557548
73.1743957324233,0.213741037971158,-0.0971525612896042
73.2405463075786,0.230543894371853,-0.074936214679954
73.306645913629,0.246606156342984,-0.0289002874474832
73.3726940659483,0.261265303142569,0.0362653857143401
73.4386933847001,0.273859071675182,0.119322192454119
73.5046493997901,0.283861313682379,0.203777370026672
73.5705700771104,0.291237287077277,0.276342471489528
73.6364651990298,0.29609132744694,0.341420505178257
73.7023457142575,0.298546439040092,0.402090002142916
73.7682230888602,0.298740850968609,0.460658579797647
73.8341086795445,0.296825232657095,0.519005370602416
73.9000131466287,0.292960198268007,0.578811574233928
73.9659459203064,0.287314063617232,0.641734243865616
74.0319147301883,0.280061020532943,0.709556639226884
74.0979252047998,0.271380035693997,0.784337579389697
74.1639805469071,0.261511280724829,0.861020237797702
74.2300813457279,0.250903620966688,0.930173199391249
74.2962256564546,0.239995735126619,0.986404477224028
74.3624092972086,0.229131397661478,1.02291275831521
74.4286262835814,0.218536345137585,1.0319435882945
74.4948693566596,0.208299814635573,1.00541322738153
74.561130563285,0.198366187378888,0.935354107698213
74.6274018513443,0.188542422367678,0.813618140184272
74.6936756498937,0.178526088903797,0.63017903320348
74.7599454138744,0.167958433823501,0.369355714488659
74.826206118327,0.156544181130837,0.0557979377797828
74.8924545185673,0.144281949525368,-0.281357580465869
74.958688908308,0.131432300581961,-0.662100865520998
75.0249087386623,0.118471876111296,-1.10754017889934
75.0911143155525,0.106086912176279,-1.62969017889654
75.1573065856085,0.0951597120547162,-2.20632195890179
75.2234869987974,0.086687487991495,-2.74171710797278
75.2896574252088,0.0815386809325266,-3.06093031799512
75.3558200958384,0.0800442745173193,-3.02024872606692
75.4219775328932,0.0817047719844423,-2.65525735917586
75.4881324375514,0.0854204086871527,-2.18694999961554
75.5542875907718,0.0902662519889732,-1.77289850820551
75.6204459047868,0.0956405566871148,-1.44094049705128
75.6866105161852,0.101185275751347,-1.18688871578689
75.7527848540282,0.106720113227081,-0.996509326199797
75.8189726927132,0.112184941614724,-0.855118261254518
75.8851782005978,0.117598896550888,-0.750457336979302
75.951405993709,0.1230333848568,-0.672963705214547
76.0176612025305,0.128594596736393,-0.615290265656968
76.0839495588783,0.134412025525461,-0.571750679081365
